9.600000000000000000e+01
9.609999999999999432e+01
9.619999999999998863e+01
9.629999999999998295e+01
9.639999999999997726e+01
9.649999999999997158e+01
9.659999999999996589e+01
9.669999999999996021e+01
9.679999999999995453e+01
9.689999999999994884e+01
9.699999999999994316e+01
9.709999999999993747e+01
9.719999999999993179e+01
9.729999999999992610e+01
9.739999999999992042e+01
9.749999999999991473e+01
9.759999999999990905e+01
9.769999999999990337e+01
9.779999999999989768e+01
9.789999999999989200e+01
9.799999999999988631e+01
9.809999999999988063e+01
9.819999999999987494e+01
9.829999999999986926e+01
9.839999999999986358e+01
9.849999999999985789e+01
9.859999999999985221e+01
9.869999999999984652e+01
9.879999999999984084e+01
9.889999999999983515e+01
9.899999999999982947e+01
9.909999999999982379e+01
9.919999999999981810e+01
9.929999999999981242e+01
9.939999999999980673e+01
9.949999999999980105e+01
9.959999999999979536e+01
9.969999999999978968e+01
9.979999999999978400e+01
9.989999999999977831e+01
9.999999999999977263e+01
1.000999999999997669e+02
1.001999999999997613e+02
1.002999999999997556e+02
1.003999999999997499e+02
1.004999999999997442e+02
1.005999999999997385e+02
1.006999999999997328e+02
1.007999999999997272e+02
1.008999999999997215e+02
1.009999999999997158e+02
1.010999999999997101e+02
1.011999999999997044e+02
1.012999999999996987e+02
1.013999999999996930e+02
1.014999999999996874e+02
1.015999999999996817e+02
1.016999999999996760e+02
1.017999999999996703e+02
1.018999999999996646e+02
1.019999999999996589e+02
1.020999999999996533e+02
1.021999999999996476e+02
1.022999999999996419e+02
1.023999999999996362e+02
1.024999999999996305e+02
1.025999999999996248e+02
1.026999999999996191e+02
1.027999999999996135e+02
1.028999999999996078e+02
1.029999999999996021e+02
1.030999999999995964e+02
1.031999999999995907e+02
1.032999999999995850e+02
1.033999999999995794e+02
1.034999999999995737e+02
1.035999999999995680e+02
1.036999999999995623e+02
1.037999999999995566e+02
1.038999999999995509e+02
1.039999999999995453e+02
1.040999999999995396e+02
1.041999999999995339e+02
1.042999999999995282e+02
1.043999999999995225e+02
1.044999999999995168e+02
1.045999999999995111e+02
1.046999999999995055e+02
1.047999999999994998e+02
1.048999999999994941e+02
1.049999999999994884e+02
1.050999999999994827e+02
1.051999999999994770e+02
1.052999999999994714e+02
1.053999999999994657e+02
1.054999999999994600e+02
1.055999999999994543e+02
1.056999999999994486e+02
1.057999999999994429e+02
1.058999999999994373e+02
1.059999999999994316e+02
1.060999999999994259e+02
1.061999999999994202e+02
1.062999999999994145e+02
1.063999999999994088e+02
1.064999999999994031e+02
1.065999999999993975e+02
1.066999999999993918e+02
1.067999999999993861e+02
1.068999999999993804e+02
1.069999999999993747e+02
1.070999999999993690e+02
1.071999999999993634e+02
1.072999999999993577e+02
1.073999999999993520e+02
1.074999999999993463e+02
1.075999999999993406e+02
1.076999999999993349e+02
1.077999999999993292e+02
1.078999999999993236e+02
1.079999999999993179e+02
1.080999999999993122e+02
1.081999999999993065e+02
1.082999999999993008e+02
1.083999999999992951e+02
1.084999999999992895e+02
1.085999999999992838e+02
1.086999999999992781e+02
1.087999999999992724e+02
1.088999999999992667e+02
1.089999999999992610e+02
1.090999999999992554e+02
1.091999999999992497e+02
1.092999999999992440e+02
1.093999999999992383e+02
1.094999999999992326e+02
1.095999999999992269e+02
1.096999999999992212e+02
1.097999999999992156e+02
1.098999999999992099e+02
1.099999999999992042e+02
1.100999999999991985e+02
1.101999999999991928e+02
1.102999999999991871e+02
1.103999999999991815e+02
1.104999999999991758e+02
1.105999999999991701e+02
1.106999999999991644e+02
1.107999999999991587e+02
1.108999999999991530e+02
1.109999999999991473e+02
1.110999999999991417e+02
1.111999999999991360e+02
1.112999999999991303e+02
1.113999999999991246e+02
1.114999999999991189e+02
1.115999999999991132e+02
1.116999999999991076e+02
1.117999999999991019e+02
1.118999999999990962e+02
1.119999999999990905e+02
1.120999999999990848e+02
1.121999999999990791e+02
1.122999999999990735e+02
1.123999999999990678e+02
1.124999999999990621e+02
1.125999999999990564e+02
1.126999999999990507e+02
1.127999999999990450e+02
1.128999999999990393e+02
1.129999999999990337e+02
1.130999999999990280e+02
1.131999999999990223e+02
1.132999999999990166e+02
1.133999999999990109e+02
1.134999999999990052e+02
1.135999999999989996e+02
1.136999999999989939e+02
1.137999999999989882e+02
1.138999999999989825e+02
1.139999999999989768e+02
1.140999999999989711e+02
1.141999999999989654e+02
1.142999999999989598e+02
1.143999999999989541e+02
1.144999999999989484e+02
1.145999999999989427e+02
1.146999999999989370e+02
1.147999999999989313e+02
1.148999999999989257e+02
1.149999999999989200e+02
1.150999999999989143e+02
1.151999999999989086e+02
1.152999999999989029e+02
1.153999999999988972e+02
1.154999999999988916e+02
1.155999999999988859e+02
1.156999999999988802e+02
1.157999999999988745e+02
1.158999999999988688e+02
1.159999999999988631e+02
1.160999999999988574e+02
1.161999999999988518e+02
1.162999999999988461e+02
1.163999999999988404e+02
1.164999999999988347e+02
1.165999999999988290e+02
1.166999999999988233e+02
1.167999999999988177e+02
1.168999999999988120e+02
1.169999999999988063e+02
1.170999999999988006e+02
1.171999999999987949e+02
1.172999999999987892e+02
1.173999999999987836e+02
1.174999999999987779e+02
1.175999999999987722e+02
1.176999999999987665e+02
1.177999999999987608e+02
1.178999999999987551e+02
1.179999999999987494e+02
1.180999999999987438e+02
1.181999999999987381e+02
1.182999999999987324e+02
1.183999999999987267e+02
1.184999999999987210e+02
1.185999999999987153e+02
1.186999999999987097e+02
1.187999999999987040e+02
1.188999999999986983e+02
1.189999999999986926e+02
1.190999999999986869e+02
1.191999999999986812e+02
1.192999999999986755e+02
1.193999999999986699e+02
1.194999999999986642e+02
1.195999999999986585e+02
1.196999999999986528e+02
1.197999999999986471e+02
1.198999999999986414e+02
1.199999999999986358e+02
1.200999999999986301e+02
1.201999999999986244e+02
1.202999999999986187e+02
1.203999999999986130e+02
1.204999999999986073e+02
1.205999999999986017e+02
1.206999999999985960e+02
1.207999999999985903e+02
1.208999999999985846e+02
1.209999999999985789e+02
1.210999999999985732e+02
1.211999999999985675e+02
1.212999999999985619e+02
1.213999999999985562e+02
1.214999999999985505e+02
1.215999999999985448e+02
1.216999999999985391e+02
1.217999999999985334e+02
1.218999999999985278e+02
1.219999999999985221e+02
1.220999999999985164e+02
1.221999999999985107e+02
1.222999999999985050e+02
1.223999999999984993e+02
1.224999999999984936e+02
1.225999999999984880e+02
1.226999999999984823e+02
1.227999999999984766e+02
1.228999999999984709e+02
1.229999999999984652e+02
1.230999999999984595e+02
1.231999999999984539e+02
1.232999999999984482e+02
1.233999999999984425e+02
1.234999999999984368e+02
1.235999999999984311e+02
1.236999999999984254e+02
1.237999999999984198e+02
1.238999999999984141e+02
1.239999999999984084e+02
1.240999999999984027e+02
1.241999999999983970e+02
1.242999999999983913e+02
1.243999999999983856e+02
1.244999999999983800e+02
1.245999999999983743e+02
1.246999999999983686e+02
1.247999999999983629e+02
1.248999999999983572e+02
1.249999999999983515e+02
1.250999999999983459e+02
1.251999999999983402e+02
1.252999999999983345e+02
1.253999999999983288e+02
1.254999999999983231e+02
1.255999999999983174e+02
1.256999999999983118e+02
1.257999999999983061e+02
1.258999999999983004e+02
1.259999999999982947e+02
1.260999999999982890e+02
1.261999999999982833e+02
1.262999999999982776e+02
1.263999999999982720e+02
1.264999999999982663e+02
1.265999999999982606e+02
1.266999999999982549e+02
1.267999999999982492e+02
1.268999999999982435e+02
1.269999999999982379e+02
1.270999999999982322e+02
1.271999999999982265e+02
1.272999999999982208e+02
1.273999999999982151e+02
1.274999999999982094e+02
1.275999999999982037e+02
1.276999999999981981e+02
1.277999999999981924e+02
1.278999999999981867e+02
1.279999999999981810e+02
1.280999999999981753e+02
1.281999999999981696e+02
1.282999999999981640e+02
1.283999999999981583e+02
1.284999999999981526e+02
1.285999999999981469e+02
1.286999999999981412e+02
1.287999999999981355e+02
1.288999999999981299e+02
1.289999999999981242e+02
1.290999999999981185e+02
1.291999999999981128e+02
1.292999999999981071e+02
1.293999999999981014e+02
1.294999999999980957e+02
1.295999999999980901e+02
1.296999999999980844e+02
1.297999999999980787e+02
1.298999999999980730e+02
1.299999999999980673e+02
1.300999999999980616e+02
1.301999999999980560e+02
1.302999999999980503e+02
1.303999999999980446e+02
1.304999999999980389e+02
1.305999999999980332e+02
1.306999999999980275e+02
1.307999999999980218e+02
1.308999999999980162e+02
1.309999999999980105e+02
1.310999999999980048e+02
1.311999999999979991e+02
1.312999999999979934e+02
1.313999999999979877e+02
1.314999999999979821e+02
1.315999999999979764e+02
1.316999999999979707e+02
1.317999999999979650e+02
1.318999999999979593e+02
1.319999999999979536e+02
1.320999999999979480e+02
1.321999999999979423e+02
1.322999999999979366e+02
1.323999999999979309e+02
1.324999999999979252e+02
1.325999999999979195e+02
1.326999999999979138e+02
1.327999999999979082e+02
1.328999999999979025e+02
1.329999999999978968e+02
1.330999999999978911e+02
1.331999999999978854e+02
1.332999999999978797e+02
1.333999999999978741e+02
1.334999999999978684e+02
1.335999999999978627e+02
1.336999999999978570e+02
1.337999999999978513e+02
1.338999999999978456e+02
1.339999999999978400e+02
1.340999999999978343e+02
1.341999999999978286e+02
1.342999999999978229e+02
1.343999999999978172e+02
1.344999999999978115e+02
1.345999999999978058e+02
1.346999999999978002e+02
1.347999999999977945e+02
1.348999999999977888e+02
1.349999999999977831e+02
1.350999999999977774e+02
1.351999999999977717e+02
1.352999999999977661e+02
1.353999999999977604e+02
1.354999999999977547e+02
1.355999999999977490e+02
1.356999999999977433e+02
1.357999999999977376e+02
1.358999999999977319e+02
1.359999999999977263e+02
1.360999999999977206e+02
1.361999999999977149e+02
1.362999999999977092e+02
1.363999999999977035e+02
1.364999999999976978e+02
1.365999999999976922e+02
1.366999999999976865e+02
1.367999999999976808e+02
1.368999999999976751e+02
1.369999999999976694e+02
1.370999999999976637e+02
1.371999999999976581e+02
1.372999999999976524e+02
1.373999999999976467e+02
1.374999999999976410e+02
1.375999999999976353e+02
1.376999999999976296e+02
1.377999999999976239e+02
1.378999999999976183e+02
1.379999999999976126e+02
1.380999999999976069e+02
1.381999999999976012e+02
1.382999999999975955e+02
1.383999999999975898e+02
1.384999999999975842e+02
1.385999999999975785e+02
1.386999999999975728e+02
1.387999999999975671e+02
1.388999999999975614e+02
1.389999999999975557e+02
1.390999999999975500e+02
1.391999999999975444e+02
1.392999999999975387e+02
1.393999999999975330e+02
1.394999999999975273e+02
1.395999999999975216e+02
1.396999999999975159e+02
1.397999999999975103e+02
1.398999999999975046e+02
1.399999999999974989e+02
1.400999999999974932e+02
1.401999999999974875e+02
1.402999999999974818e+02
1.403999999999974762e+02
1.404999999999974705e+02
1.405999999999974648e+02
1.406999999999974591e+02
1.407999999999974534e+02
1.408999999999974477e+02
1.409999999999974420e+02
1.410999999999974364e+02
1.411999999999974307e+02
1.412999999999974250e+02
1.413999999999974193e+02
1.414999999999974136e+02
1.415999999999974079e+02
1.416999999999974023e+02
1.417999999999973966e+02
1.418999999999973909e+02
1.419999999999973852e+02
1.420999999999973795e+02
1.421999999999973738e+02
1.422999999999973681e+02
1.423999999999973625e+02
1.424999999999973568e+02
1.425999999999973511e+02
1.426999999999973454e+02
1.427999999999973397e+02
1.428999999999973340e+02
1.429999999999973284e+02
1.430999999999973227e+02
1.431999999999973170e+02
1.432999999999973113e+02
1.433999999999973056e+02
1.434999999999972999e+02
1.435999999999972943e+02
1.436999999999972886e+02
1.437999999999972829e+02
1.438999999999972772e+02
1.439999999999972715e+02
1.440999999999972658e+02
1.441999999999972601e+02
1.442999999999972545e+02
1.443999999999972488e+02
1.444999999999972431e+02
1.445999999999972374e+02
1.446999999999972317e+02
1.447999999999972260e+02
1.448999999999972204e+02
1.449999999999972147e+02
1.450999999999972090e+02
1.451999999999972033e+02
1.452999999999971976e+02
1.453999999999971919e+02
1.454999999999971863e+02
1.455999999999971806e+02
1.456999999999971749e+02
1.457999999999971692e+02
1.458999999999971635e+02
1.459999999999971578e+02
1.460999999999971521e+02
1.461999999999971465e+02
1.462999999999971408e+02
1.463999999999971351e+02
1.464999999999971294e+02
1.465999999999971237e+02
1.466999999999971180e+02
1.467999999999971124e+02
1.468999999999971067e+02
1.469999999999971010e+02
1.470999999999970953e+02
1.471999999999970896e+02
1.472999999999970839e+02
1.473999999999970782e+02
1.474999999999970726e+02
1.475999999999970669e+02
1.476999999999970612e+02
1.477999999999970555e+02
1.478999999999970498e+02
1.479999999999970441e+02
1.480999999999970385e+02
1.481999999999970328e+02
1.482999999999970271e+02
1.483999999999970214e+02
1.484999999999970157e+02
1.485999999999970100e+02
1.486999999999970044e+02
1.487999999999969987e+02
1.488999999999969930e+02
1.489999999999969873e+02
1.490999999999969816e+02
1.491999999999969759e+02
1.492999999999969702e+02
1.493999999999969646e+02
1.494999999999969589e+02
1.495999999999969532e+02
1.496999999999969475e+02
1.497999999999969418e+02
1.498999999999969361e+02
1.499999999999969305e+02
1.500999999999969248e+02
1.501999999999969191e+02
1.502999999999969134e+02
1.503999999999969077e+02
1.504999999999969020e+02
1.505999999999968963e+02
1.506999999999968907e+02
1.507999999999968850e+02
1.508999999999968793e+02
1.509999999999968736e+02
1.510999999999968679e+02
1.511999999999968622e+02
1.512999999999968566e+02
1.513999999999968509e+02
1.514999999999968452e+02
1.515999999999968395e+02
1.516999999999968338e+02
1.517999999999968281e+02
1.518999999999968225e+02
1.519999999999968168e+02
1.520999999999968111e+02
1.521999999999968054e+02
1.522999999999967997e+02
1.523999999999967940e+02
1.524999999999967883e+02
1.525999999999967827e+02
1.526999999999967770e+02
1.527999999999967713e+02
1.528999999999967656e+02
1.529999999999967599e+02
1.530999999999967542e+02
1.531999999999967486e+02
1.532999999999967429e+02
1.533999999999967372e+02
1.534999999999967315e+02
1.535999999999967258e+02
1.536999999999967201e+02
1.537999999999967145e+02
1.538999999999967088e+02
1.539999999999967031e+02
1.540999999999966974e+02
1.541999999999966917e+02
1.542999999999966860e+02
1.543999999999966803e+02
1.544999999999966747e+02
1.545999999999966690e+02
1.546999999999966633e+02
1.547999999999966576e+02
1.548999999999966519e+02
1.549999999999966462e+02
1.550999999999966406e+02
1.551999999999966349e+02
1.552999999999966292e+02
1.553999999999966235e+02
1.554999999999966178e+02
1.555999999999966121e+02
1.556999999999966064e+02
1.557999999999966008e+02
1.558999999999965951e+02
1.559999999999965894e+02
1.560999999999965837e+02
1.561999999999965780e+02
1.562999999999965723e+02
1.563999999999965667e+02
1.564999999999965610e+02
1.565999999999965553e+02
1.566999999999965496e+02
1.567999999999965439e+02
1.568999999999965382e+02
1.569999999999965326e+02
1.570999999999965269e+02
1.571999999999965212e+02
1.572999999999965155e+02
1.573999999999965098e+02
1.574999999999965041e+02
1.575999999999964984e+02
1.576999999999964928e+02
1.577999999999964871e+02
1.578999999999964814e+02
1.579999999999964757e+02
1.580999999999964700e+02
1.581999999999964643e+02
1.582999999999964587e+02
1.583999999999964530e+02
1.584999999999964473e+02
1.585999999999964416e+02
1.586999999999964359e+02
1.587999999999964302e+02
1.588999999999964245e+02
1.589999999999964189e+02
1.590999999999964132e+02
1.591999999999964075e+02
1.592999999999964018e+02
1.593999999999963961e+02
1.594999999999963904e+02
1.595999999999963848e+02
1.596999999999963791e+02
1.597999999999963734e+02
1.598999999999963677e+02
1.599999999999963620e+02
1.600999999999963563e+02
1.601999999999963507e+02
1.602999999999963450e+02
1.603999999999963393e+02
1.604999999999963336e+02
1.605999999999963279e+02
1.606999999999963222e+02
1.607999999999963165e+02
1.608999999999963109e+02
1.609999999999963052e+02
1.610999999999962995e+02
1.611999999999962938e+02
1.612999999999962881e+02
1.613999999999962824e+02
1.614999999999962768e+02
1.615999999999962711e+02
1.616999999999962654e+02
1.617999999999962597e+02
1.618999999999962540e+02
1.619999999999962483e+02
1.620999999999962427e+02
1.621999999999962370e+02
1.622999999999962313e+02
1.623999999999962256e+02
1.624999999999962199e+02
1.625999999999962142e+02
1.626999999999962085e+02
1.627999999999962029e+02
1.628999999999961972e+02
1.629999999999961915e+02
1.630999999999961858e+02
1.631999999999961801e+02
1.632999999999961744e+02
1.633999999999961688e+02
1.634999999999961631e+02
1.635999999999961574e+02
1.636999999999961517e+02
1.637999999999961460e+02
1.638999999999961403e+02
1.639999999999961346e+02
1.640999999999961290e+02
1.641999999999961233e+02
1.642999999999961176e+02
1.643999999999961119e+02
1.644999999999961062e+02
1.645999999999961005e+02
1.646999999999960949e+02
1.647999999999960892e+02
1.648999999999960835e+02
1.649999999999960778e+02
1.650999999999960721e+02
1.651999999999960664e+02
1.652999999999960608e+02
1.653999999999960551e+02
1.654999999999960494e+02
1.655999999999960437e+02
1.656999999999960380e+02
1.657999999999960323e+02
1.658999999999960266e+02
1.659999999999960210e+02
1.660999999999960153e+02
1.661999999999960096e+02
1.662999999999960039e+02
1.663999999999959982e+02
1.664999999999959925e+02
1.665999999999959869e+02
1.666999999999959812e+02
1.667999999999959755e+02
1.668999999999959698e+02
1.669999999999959641e+02
1.670999999999959584e+02
1.671999999999959527e+02
1.672999999999959471e+02
1.673999999999959414e+02
1.674999999999959357e+02
1.675999999999959300e+02
1.676999999999959243e+02
1.677999999999959186e+02
1.678999999999959130e+02
1.679999999999959073e+02
1.680999999999959016e+02
1.681999999999958959e+02
1.682999999999958902e+02
1.683999999999958845e+02
1.684999999999958789e+02
1.685999999999958732e+02
1.686999999999958675e+02
1.687999999999958618e+02
1.688999999999958561e+02
1.689999999999958504e+02
1.690999999999958447e+02
1.691999999999958391e+02
1.692999999999958334e+02
1.693999999999958277e+02
1.694999999999958220e+02
1.695999999999958163e+02
1.696999999999958106e+02
1.697999999999958050e+02
1.698999999999957993e+02
1.699999999999957936e+02
1.700999999999957879e+02
1.701999999999957822e+02
1.702999999999957765e+02
1.703999999999957708e+02
1.704999999999957652e+02
1.705999999999957595e+02
1.706999999999957538e+02
1.707999999999957481e+02
1.708999999999957424e+02
1.709999999999957367e+02
1.710999999999957311e+02
1.711999999999957254e+02
1.712999999999957197e+02
1.713999999999957140e+02
1.714999999999957083e+02
1.715999999999957026e+02
1.716999999999956970e+02
1.717999999999956913e+02
1.718999999999956856e+02
1.719999999999956799e+02
1.720999999999956742e+02
1.721999999999956685e+02
1.722999999999956628e+02
1.723999999999956572e+02
1.724999999999956515e+02
1.725999999999956458e+02
1.726999999999956401e+02
1.727999999999956344e+02
1.728999999999956287e+02
1.729999999999956231e+02
1.730999999999956174e+02
1.731999999999956117e+02
1.732999999999956060e+02
1.733999999999956003e+02
1.734999999999955946e+02
1.735999999999955890e+02
1.736999999999955833e+02
1.737999999999955776e+02
1.738999999999955719e+02
1.739999999999955662e+02
1.740999999999955605e+02
1.741999999999955548e+02
1.742999999999955492e+02
1.743999999999955435e+02
1.744999999999955378e+02
1.745999999999955321e+02
1.746999999999955264e+02
1.747999999999955207e+02
1.748999999999955151e+02
1.749999999999955094e+02
1.750999999999955037e+02
1.751999999999954980e+02
1.752999999999954923e+02
1.753999999999954866e+02
1.754999999999954809e+02
1.755999999999954753e+02
1.756999999999954696e+02
1.757999999999954639e+02
1.758999999999954582e+02
1.759999999999954525e+02
1.760999999999954468e+02
1.761999999999954412e+02
1.762999999999954355e+02
1.763999999999954298e+02
1.764999999999954241e+02
1.765999999999954184e+02
1.766999999999954127e+02
1.767999999999954071e+02
1.768999999999954014e+02
1.769999999999953957e+02
1.770999999999953900e+02
1.771999999999953843e+02
1.772999999999953786e+02
1.773999999999953729e+02
1.774999999999953673e+02
1.775999999999953616e+02
1.776999999999953559e+02
1.777999999999953502e+02
1.778999999999953445e+02
1.779999999999953388e+02
1.780999999999953332e+02
1.781999999999953275e+02
1.782999999999953218e+02
1.783999999999953161e+02
1.784999999999953104e+02
1.785999999999953047e+02
1.786999999999952990e+02
1.787999999999952934e+02
1.788999999999952877e+02
1.789999999999952820e+02
1.790999999999952763e+02
1.791999999999952706e+02
1.792999999999952649e+02
1.793999999999952593e+02
1.794999999999952536e+02
1.795999999999952479e+02
1.796999999999952422e+02
1.797999999999952365e+02
1.798999999999952308e+02
1.799999999999952252e+02
1.800999999999952195e+02
1.801999999999952138e+02
1.802999999999952081e+02
1.803999999999952024e+02
1.804999999999951967e+02
1.805999999999951910e+02
1.806999999999951854e+02
1.807999999999951797e+02
1.808999999999951740e+02
1.809999999999951683e+02
1.810999999999951626e+02
1.811999999999951569e+02
1.812999999999951513e+02
1.813999999999951456e+02
1.814999999999951399e+02
1.815999999999951342e+02
1.816999999999951285e+02
1.817999999999951228e+02
1.818999999999951172e+02
1.819999999999951115e+02
1.820999999999951058e+02
1.821999999999951001e+02
1.822999999999950944e+02
1.823999999999950887e+02
1.824999999999950830e+02
1.825999999999950774e+02
1.826999999999950717e+02
1.827999999999950660e+02
1.828999999999950603e+02
1.829999999999950546e+02
1.830999999999950489e+02
1.831999999999950433e+02
1.832999999999950376e+02
1.833999999999950319e+02
1.834999999999950262e+02
1.835999999999950205e+02
1.836999999999950148e+02
1.837999999999950091e+02
1.838999999999950035e+02
1.839999999999949978e+02
1.840999999999949921e+02
1.841999999999949864e+02
1.842999999999949807e+02
1.843999999999949750e+02
1.844999999999949694e+02
1.845999999999949637e+02
1.846999999999949580e+02
1.847999999999949523e+02
1.848999999999949466e+02
1.849999999999949409e+02
1.850999999999949353e+02
1.851999999999949296e+02
1.852999999999949239e+02
1.853999999999949182e+02
1.854999999999949125e+02
1.855999999999949068e+02
1.856999999999949011e+02
1.857999999999948955e+02
1.858999999999948898e+02
1.859999999999948841e+02
1.860999999999948784e+02
1.861999999999948727e+02
1.862999999999948670e+02
1.863999999999948614e+02
1.864999999999948557e+02
1.865999999999948500e+02
1.866999999999948443e+02
1.867999999999948386e+02
1.868999999999948329e+02
1.869999999999948272e+02
1.870999999999948216e+02
1.871999999999948159e+02
1.872999999999948102e+02
1.873999999999948045e+02
1.874999999999947988e+02
1.875999999999947931e+02
1.876999999999947875e+02
1.877999999999947818e+02
1.878999999999947761e+02
1.879999999999947704e+02
1.880999999999947647e+02
1.881999999999947590e+02
1.882999999999947534e+02
1.883999999999947477e+02
1.884999999999947420e+02
1.885999999999947363e+02
1.886999999999947306e+02
1.887999999999947249e+02
1.888999999999947192e+02
1.889999999999947136e+02
1.890999999999947079e+02
1.891999999999947022e+02
1.892999999999946965e+02
1.893999999999946908e+02
1.894999999999946851e+02
1.895999999999946795e+02
1.896999999999946738e+02
1.897999999999946681e+02
1.898999999999946624e+02
1.899999999999946567e+02
1.900999999999946510e+02
1.901999999999946453e+02
1.902999999999946397e+02
1.903999999999946340e+02
1.904999999999946283e+02
1.905999999999946226e+02
1.906999999999946169e+02
1.907999999999946112e+02
1.908999999999946056e+02
1.909999999999945999e+02
1.910999999999945942e+02
1.911999999999945885e+02
1.912999999999945828e+02
1.913999999999945771e+02
1.914999999999945715e+02
1.915999999999945658e+02
1.916999999999945601e+02
1.917999999999945544e+02
1.918999999999945487e+02
1.919999999999945430e+02
1.920999999999945373e+02
1.921999999999945317e+02
1.922999999999945260e+02
1.923999999999945203e+02
1.924999999999945146e+02
1.925999999999945089e+02
1.926999999999945032e+02
1.927999999999944976e+02
1.928999999999944919e+02
1.929999999999944862e+02
1.930999999999944805e+02
1.931999999999944748e+02
1.932999999999944691e+02
1.933999999999944635e+02
1.934999999999944578e+02
1.935999999999944521e+02
1.936999999999944464e+02
1.937999999999944407e+02
1.938999999999944350e+02
1.939999999999944293e+02
1.940999999999944237e+02
1.941999999999944180e+02
1.942999999999944123e+02
1.943999999999944066e+02
1.944999999999944009e+02
1.945999999999943952e+02
1.946999999999943896e+02
1.947999999999943839e+02
1.948999999999943782e+02
1.949999999999943725e+02
1.950999999999943668e+02
1.951999999999943611e+02
1.952999999999943554e+02
1.953999999999943498e+02
1.954999999999943441e+02
1.955999999999943384e+02
1.956999999999943327e+02
1.957999999999943270e+02
1.958999999999943213e+02
1.959999999999943157e+02
1.960999999999943100e+02
1.961999999999943043e+02
1.962999999999942986e+02
1.963999999999942929e+02
1.964999999999942872e+02
1.965999999999942816e+02
1.966999999999942759e+02
1.967999999999942702e+02
1.968999999999942645e+02
1.969999999999942588e+02
1.970999999999942531e+02
1.971999999999942474e+02
1.972999999999942418e+02
1.973999999999942361e+02
1.974999999999942304e+02
1.975999999999942247e+02
1.976999999999942190e+02
1.977999999999942133e+02
1.978999999999942077e+02
1.979999999999942020e+02
1.980999999999941963e+02
1.981999999999941906e+02
1.982999999999941849e+02
1.983999999999941792e+02
1.984999999999941735e+02
1.985999999999941679e+02
1.986999999999941622e+02
1.987999999999941565e+02
1.988999999999941508e+02
1.989999999999941451e+02
1.990999999999941394e+02
1.991999999999941338e+02
1.992999999999941281e+02
1.993999999999941224e+02
1.994999999999941167e+02
1.995999999999941110e+02
1.996999999999941053e+02
1.997999999999940997e+02
1.998999999999940940e+02
1.999999999999940883e+02
2.000999999999940826e+02
2.001999999999940769e+02
2.002999999999940712e+02
2.003999999999940655e+02
2.004999999999940599e+02
2.005999999999940542e+02
2.006999999999940485e+02
2.007999999999940428e+02
2.008999999999940371e+02
2.009999999999940314e+02
2.010999999999940258e+02
2.011999999999940201e+02
2.012999999999940144e+02
2.013999999999940087e+02
2.014999999999940030e+02
2.015999999999939973e+02
2.016999999999939917e+02
2.017999999999939860e+02
2.018999999999939803e+02
2.019999999999939746e+02
2.020999999999939689e+02
2.021999999999939632e+02
2.022999999999939575e+02
2.023999999999939519e+02
2.024999999999939462e+02
2.025999999999939405e+02
2.026999999999939348e+02
2.027999999999939291e+02
2.028999999999939234e+02
2.029999999999939178e+02
2.030999999999939121e+02
2.031999999999939064e+02
2.032999999999939007e+02
2.033999999999938950e+02
2.034999999999938893e+02
2.035999999999938836e+02
2.036999999999938780e+02
2.037999999999938723e+02
2.038999999999938666e+02
2.039999999999938609e+02
2.040999999999938552e+02
2.041999999999938495e+02
2.042999999999938439e+02
2.043999999999938382e+02
2.044999999999938325e+02
2.045999999999938268e+02
2.046999999999938211e+02
2.047999999999938154e+02
2.048999999999938098e+02
2.049999999999938041e+02
2.050999999999937984e+02
2.051999999999937927e+02
2.052999999999937870e+02
2.053999999999937813e+02
2.054999999999937756e+02
2.055999999999937700e+02
2.056999999999937643e+02
2.057999999999937586e+02
2.058999999999937529e+02
2.059999999999937472e+02
2.060999999999937415e+02
2.061999999999937359e+02
2.062999999999937302e+02
2.063999999999937245e+02
2.064999999999937188e+02
2.065999999999937131e+02
2.066999999999937074e+02
2.067999999999937017e+02
2.068999999999936961e+02
2.069999999999936904e+02
2.070999999999936847e+02
2.071999999999936790e+02
2.072999999999936733e+02
2.073999999999936676e+02
2.074999999999936620e+02
2.075999999999936563e+02
2.076999999999936506e+02
2.077999999999936449e+02
2.078999999999936392e+02
2.079999999999936335e+02
2.080999999999936279e+02
2.081999999999936222e+02
2.082999999999936165e+02
2.083999999999936108e+02
2.084999999999936051e+02
2.085999999999935994e+02
2.086999999999935937e+02
2.087999999999935881e+02
2.088999999999935824e+02
2.089999999999935767e+02
2.090999999999935710e+02
2.091999999999935653e+02
2.092999999999935596e+02
2.093999999999935540e+02
2.094999999999935483e+02
2.095999999999935426e+02
2.096999999999935369e+02
2.097999999999935312e+02
2.098999999999935255e+02
2.099999999999935199e+02
2.100999999999935142e+02
2.101999999999935085e+02
2.102999999999935028e+02
2.103999999999934971e+02
2.104999999999934914e+02
2.105999999999934857e+02
2.106999999999934801e+02
2.107999999999934744e+02
2.108999999999934687e+02
2.109999999999934630e+02
2.110999999999934573e+02
2.111999999999934516e+02
2.112999999999934460e+02
2.113999999999934403e+02
2.114999999999934346e+02
2.115999999999934289e+02
2.116999999999934232e+02
2.117999999999934175e+02
2.118999999999934118e+02
2.119999999999934062e+02
2.120999999999934005e+02
2.121999999999933948e+02
2.122999999999933891e+02
2.123999999999933834e+02
2.124999999999933777e+02
2.125999999999933721e+02
2.126999999999933664e+02
2.127999999999933607e+02
2.128999999999933550e+02
2.129999999999933493e+02
2.130999999999933436e+02
2.131999999999933380e+02
2.132999999999933323e+02
2.133999999999933266e+02
2.134999999999933209e+02
2.135999999999933152e+02
2.136999999999933095e+02
2.137999999999933038e+02
2.138999999999932982e+02
2.139999999999932925e+02
2.140999999999932868e+02
2.141999999999932811e+02
2.142999999999932754e+02
2.143999999999932697e+02
2.144999999999932641e+02
2.145999999999932584e+02
2.146999999999932527e+02
2.147999999999932470e+02
2.148999999999932413e+02
2.149999999999932356e+02
2.150999999999932299e+02
2.151999999999932243e+02
2.152999999999932186e+02
2.153999999999932129e+02
2.154999999999932072e+02
2.155999999999932015e+02
2.156999999999931958e+02
2.157999999999931902e+02
2.158999999999931845e+02
2.159999999999931788e+02
2.160999999999931731e+02
2.161999999999931674e+02
2.162999999999931617e+02
2.163999999999931561e+02
2.164999999999931504e+02
2.165999999999931447e+02
2.166999999999931390e+02
2.167999999999931333e+02
2.168999999999931276e+02
2.169999999999931219e+02
2.170999999999931163e+02
2.171999999999931106e+02
2.172999999999931049e+02
2.173999999999930992e+02
2.174999999999930935e+02
2.175999999999930878e+02
2.176999999999930822e+02
2.177999999999930765e+02
2.178999999999930708e+02
2.179999999999930651e+02
2.180999999999930594e+02
2.181999999999930537e+02
2.182999999999930480e+02
2.183999999999930424e+02
2.184999999999930367e+02
2.185999999999930310e+02
2.186999999999930253e+02
2.187999999999930196e+02
2.188999999999930139e+02
2.189999999999930083e+02
2.190999999999930026e+02
2.191999999999929969e+02
2.192999999999929912e+02
2.193999999999929855e+02
2.194999999999929798e+02
2.195999999999929742e+02
2.196999999999929685e+02
2.197999999999929628e+02
2.198999999999929571e+02
2.199999999999929514e+02
2.200999999999929457e+02
2.201999999999929400e+02
2.202999999999929344e+02
2.203999999999929287e+02
2.204999999999929230e+02
2.205999999999929173e+02
2.206999999999929116e+02
2.207999999999929059e+02
2.208999999999929003e+02
2.209999999999928946e+02
2.210999999999928889e+02
2.211999999999928832e+02
2.212999999999928775e+02
2.213999999999928718e+02
2.214999999999928662e+02
2.215999999999928605e+02
2.216999999999928548e+02
2.217999999999928491e+02
2.218999999999928434e+02
2.219999999999928377e+02
2.220999999999928320e+02
2.221999999999928264e+02
2.222999999999928207e+02
2.223999999999928150e+02
2.224999999999928093e+02
2.225999999999928036e+02
2.226999999999927979e+02
2.227999999999927923e+02
2.228999999999927866e+02
2.229999999999927809e+02
2.230999999999927752e+02
2.231999999999927695e+02
2.232999999999927638e+02
2.233999999999927581e+02
2.234999999999927525e+02
2.235999999999927468e+02
2.236999999999927411e+02
2.237999999999927354e+02
2.238999999999927297e+02
2.239999999999927240e+02
2.240999999999927184e+02
2.241999999999927127e+02
2.242999999999927070e+02
2.243999999999927013e+02
2.244999999999926956e+02
2.245999999999926899e+02
2.246999999999926843e+02
2.247999999999926786e+02
2.248999999999926729e+02
2.249999999999926672e+02
2.250999999999926615e+02
2.251999999999926558e+02
2.252999999999926501e+02
2.253999999999926445e+02
2.254999999999926388e+02
2.255999999999926331e+02
2.256999999999926274e+02
2.257999999999926217e+02
2.258999999999926160e+02
2.259999999999926104e+02
2.260999999999926047e+02
2.261999999999925990e+02
2.262999999999925933e+02
2.263999999999925876e+02
2.264999999999925819e+02
2.265999999999925762e+02
2.266999999999925706e+02
2.267999999999925649e+02
2.268999999999925592e+02
2.269999999999925535e+02
2.270999999999925478e+02
2.271999999999925421e+02
2.272999999999925365e+02
2.273999999999925308e+02
2.274999999999925251e+02
2.275999999999925194e+02
2.276999999999925137e+02
2.277999999999925080e+02
2.278999999999925024e+02
2.279999999999924967e+02
2.280999999999924910e+02
2.281999999999924853e+02
2.282999999999924796e+02
2.283999999999924739e+02
2.284999999999924682e+02
2.285999999999924626e+02
2.286999999999924569e+02
2.287999999999924512e+02
2.288999999999924455e+02
2.289999999999924398e+02
2.290999999999924341e+02
2.291999999999924285e+02
2.292999999999924228e+02
2.293999999999924171e+02
2.294999999999924114e+02
2.295999999999924057e+02
2.296999999999924000e+02
2.297999999999923944e+02
2.298999999999923887e+02
2.299999999999923830e+02
2.300999999999923773e+02
2.301999999999923716e+02
2.302999999999923659e+02
2.303999999999923602e+02
2.304999999999923546e+02
2.305999999999923489e+02
2.306999999999923432e+02
2.307999999999923375e+02
2.308999999999923318e+02
2.309999999999923261e+02
2.310999999999923205e+02
2.311999999999923148e+02
2.312999999999923091e+02
2.313999999999923034e+02
2.314999999999922977e+02
2.315999999999922920e+02
2.316999999999922863e+02
2.317999999999922807e+02
2.318999999999922750e+02
2.319999999999922693e+02
2.320999999999922636e+02
2.321999999999922579e+02
2.322999999999922522e+02
2.323999999999922466e+02
2.324999999999922409e+02
2.325999999999922352e+02
2.326999999999922295e+02
2.327999999999922238e+02
2.328999999999922181e+02
2.329999999999922125e+02
2.330999999999922068e+02
2.331999999999922011e+02
2.332999999999921954e+02
2.333999999999921897e+02
2.334999999999921840e+02
2.335999999999921783e+02
2.336999999999921727e+02
2.337999999999921670e+02
2.338999999999921613e+02
2.339999999999921556e+02
2.340999999999921499e+02
2.341999999999921442e+02
2.342999999999921386e+02
2.343999999999921329e+02
2.344999999999921272e+02
2.345999999999921215e+02
2.346999999999921158e+02
2.347999999999921101e+02
2.348999999999921044e+02
2.349999999999920988e+02
2.350999999999920931e+02
2.351999999999920874e+02
2.352999999999920817e+02
2.353999999999920760e+02
2.354999999999920703e+02
2.355999999999920647e+02
2.356999999999920590e+02
2.357999999999920533e+02
2.358999999999920476e+02
2.359999999999920419e+02
2.360999999999920362e+02
2.361999999999920306e+02
2.362999999999920249e+02
2.363999999999920192e+02
2.364999999999920135e+02
2.365999999999920078e+02
2.366999999999920021e+02
2.367999999999919964e+02
2.368999999999919908e+02
2.369999999999919851e+02
2.370999999999919794e+02
2.371999999999919737e+02
2.372999999999919680e+02
2.373999999999919623e+02
2.374999999999919567e+02
2.375999999999919510e+02
2.376999999999919453e+02
2.377999999999919396e+02
2.378999999999919339e+02
2.379999999999919282e+02
2.380999999999919226e+02
2.381999999999919169e+02
2.382999999999919112e+02
2.383999999999919055e+02
2.384999999999918998e+02
2.385999999999918941e+02
2.386999999999918884e+02
2.387999999999918828e+02
2.388999999999918771e+02
2.389999999999918714e+02
2.390999999999918657e+02
2.391999999999918600e+02
2.392999999999918543e+02
2.393999999999918487e+02
2.394999999999918430e+02
2.395999999999918373e+02
2.396999999999918316e+02
2.397999999999918259e+02
2.398999999999918202e+02
2.400000000000000000e+02
2.420000000000000000e+02
2.440000000000000000e+02
2.460000000000000000e+02
2.480000000000000000e+02
2.500000000000000000e+02
2.520000000000000000e+02
2.540000000000000000e+02
2.560000000000000000e+02
2.580000000000000000e+02
2.600000000000000000e+02
2.620000000000000000e+02
2.640000000000000000e+02
2.660000000000000000e+02
2.680000000000000000e+02
2.700000000000000000e+02
2.720000000000000000e+02
2.740000000000000000e+02
2.760000000000000000e+02
2.780000000000000000e+02
2.800000000000000000e+02
2.820000000000000000e+02
2.840000000000000000e+02
2.860000000000000000e+02
2.880000000000000000e+02
2.900000000000000000e+02
2.920000000000000000e+02
2.940000000000000000e+02
2.960000000000000000e+02
2.980000000000000000e+02
3.000000000000000000e+02
3.020000000000000000e+02
3.040000000000000000e+02
3.060000000000000000e+02
3.080000000000000000e+02
3.100000000000000000e+02
3.120000000000000000e+02
3.140000000000000000e+02
3.160000000000000000e+02
3.180000000000000000e+02
3.200000000000000000e+02
3.220000000000000000e+02
3.240000000000000000e+02
3.260000000000000000e+02
3.280000000000000000e+02
3.300000000000000000e+02
3.320000000000000000e+02
3.340000000000000000e+02
3.360000000000000000e+02
3.380000000000000000e+02
3.400000000000000000e+02
3.420000000000000000e+02
3.440000000000000000e+02
3.460000000000000000e+02
3.480000000000000000e+02
3.500000000000000000e+02
3.520000000000000000e+02
3.540000000000000000e+02
3.560000000000000000e+02
3.580000000000000000e+02
3.600000000000000000e+02
3.620000000000000000e+02
3.640000000000000000e+02
3.660000000000000000e+02
3.680000000000000000e+02
3.700000000000000000e+02
3.720000000000000000e+02
3.740000000000000000e+02
3.760000000000000000e+02
3.780000000000000000e+02
3.800000000000000000e+02
3.820000000000000000e+02
3.840000000000000000e+02
3.860000000000000000e+02
3.880000000000000000e+02
3.900000000000000000e+02
3.920000000000000000e+02
3.940000000000000000e+02
3.960000000000000000e+02
3.980000000000000000e+02
4.000000000000000000e+02
4.020000000000000000e+02
4.040000000000000000e+02
4.060000000000000000e+02
4.080000000000000000e+02
4.100000000000000000e+02
4.120000000000000000e+02
4.140000000000000000e+02
4.160000000000000000e+02
4.180000000000000000e+02
4.200000000000000000e+02
4.220000000000000000e+02
4.240000000000000000e+02
4.260000000000000000e+02
4.280000000000000000e+02
4.300000000000000000e+02
4.320000000000000000e+02
4.340000000000000000e+02
4.360000000000000000e+02
4.380000000000000000e+02
4.400000000000000000e+02
4.420000000000000000e+02
4.440000000000000000e+02
4.460000000000000000e+02
4.480000000000000000e+02
4.500000000000000000e+02
4.520000000000000000e+02
4.540000000000000000e+02
4.560000000000000000e+02
4.580000000000000000e+02
4.600000000000000000e+02
4.620000000000000000e+02
4.640000000000000000e+02
4.660000000000000000e+02
4.680000000000000000e+02
4.700000000000000000e+02
4.720000000000000000e+02
4.740000000000000000e+02
4.760000000000000000e+02
4.780000000000000000e+02
4.800000000000000000e+02
4.820000000000000000e+02
4.840000000000000000e+02
4.860000000000000000e+02
4.880000000000000000e+02
4.900000000000000000e+02
4.920000000000000000e+02
4.940000000000000000e+02
4.960000000000000000e+02
4.980000000000000000e+02
5.000000000000000000e+02
5.020000000000000000e+02
5.040000000000000000e+02
5.060000000000000000e+02
5.080000000000000000e+02
5.100000000000000000e+02
5.120000000000000000e+02
5.140000000000000000e+02
5.160000000000000000e+02
5.180000000000000000e+02
5.200000000000000000e+02
5.220000000000000000e+02
5.240000000000000000e+02
5.260000000000000000e+02
5.280000000000000000e+02
5.300000000000000000e+02
5.320000000000000000e+02
5.340000000000000000e+02
5.360000000000000000e+02
5.380000000000000000e+02
5.400000000000000000e+02
5.420000000000000000e+02
5.440000000000000000e+02
5.460000000000000000e+02
5.480000000000000000e+02
5.500000000000000000e+02
5.520000000000000000e+02
5.540000000000000000e+02
5.560000000000000000e+02
5.580000000000000000e+02
5.600000000000000000e+02
5.620000000000000000e+02
5.640000000000000000e+02
5.660000000000000000e+02
5.680000000000000000e+02
5.700000000000000000e+02
5.720000000000000000e+02
5.740000000000000000e+02
5.760000000000000000e+02
5.780000000000000000e+02
5.800000000000000000e+02
5.820000000000000000e+02
5.840000000000000000e+02
5.860000000000000000e+02
5.880000000000000000e+02
5.900000000000000000e+02
5.920000000000000000e+02
5.940000000000000000e+02
5.960000000000000000e+02
5.980000000000000000e+02
6.000000000000000000e+02
6.020000000000000000e+02
6.040000000000000000e+02
6.060000000000000000e+02
6.080000000000000000e+02
6.100000000000000000e+02
6.120000000000000000e+02
6.140000000000000000e+02
6.160000000000000000e+02
6.180000000000000000e+02
6.200000000000000000e+02
6.220000000000000000e+02
6.240000000000000000e+02
6.260000000000000000e+02
6.280000000000000000e+02
6.300000000000000000e+02
6.320000000000000000e+02
6.340000000000000000e+02
6.360000000000000000e+02
6.380000000000000000e+02
6.400000000000000000e+02
6.420000000000000000e+02
6.440000000000000000e+02
6.460000000000000000e+02
6.480000000000000000e+02
6.500000000000000000e+02
6.520000000000000000e+02
6.540000000000000000e+02
6.560000000000000000e+02
6.580000000000000000e+02
6.600000000000000000e+02
6.620000000000000000e+02
6.640000000000000000e+02
6.660000000000000000e+02
6.680000000000000000e+02
6.700000000000000000e+02
6.720000000000000000e+02
6.740000000000000000e+02
6.760000000000000000e+02
6.780000000000000000e+02
6.800000000000000000e+02
6.820000000000000000e+02
6.840000000000000000e+02
6.860000000000000000e+02
6.880000000000000000e+02
6.900000000000000000e+02
6.920000000000000000e+02
6.940000000000000000e+02
6.960000000000000000e+02
6.980000000000000000e+02
