0.000000000000000000e+00
0.000000000000000000e+00
0.000000000000000000e+00
0.000000000000000000e+00
0.000000000000000000e+00
0.000000000000000000e+00
0.000000000000000000e+00
0.000000000000000000e+00
0.000000000000000000e+00
0.000000000000000000e+00
0.000000000000000000e+00
0.000000000000000000e+00
0.000000000000000000e+00
0.000000000000000000e+00
0.000000000000000000e+00
0.000000000000000000e+00
0.000000000000000000e+00
0.000000000000000000e+00
0.000000000000000000e+00
0.000000000000000000e+00
0.000000000000000000e+00
0.000000000000000000e+00
0.000000000000000000e+00
0.000000000000000000e+00
0.000000000000000000e+00
0.000000000000000000e+00
0.000000000000000000e+00
0.000000000000000000e+00
1.760574517100853940e-76
6.761926474718141419e-32
2.702772108745689696e-25
4.575840199218217937e-21
1.439828099287327025e-18
5.430613878006404398e-17
7.938056610284218570e-16
8.284273986573602463e-15
5.214105101914525590e-14
2.113931804871011152e-13
6.364470617042581071e-13
1.541184703323037753e-12
3.126339808397771910e-12
7.266514448594882316e-12
1.455773149124937754e-11
2.789234463669770602e-11
4.983069869260241086e-11
8.370725857612825425e-11
1.360349245113426013e-10
2.213443503220069098e-10
3.711896804742228092e-10
6.265042036997993326e-10
1.008708364114976281e-09
9.602239046072171563e-10
1.328969200536606711e-09
1.820500229206402156e-09
2.439740372509757680e-09
3.148603063899218201e-09
3.857800590931102619e-09
