9.60000e+01 0.00000e+00
9.61000e+01 0.00000e+00
9.62000e+01 0.00000e+00
9.63000e+01 0.00000e+00
9.64000e+01 0.00000e+00
9.65000e+01 0.00000e+00
9.66000e+01 0.00000e+00
9.67000e+01 0.00000e+00
9.68000e+01 0.00000e+00
9.69000e+01 0.00000e+00
9.70000e+01 0.00000e+00
9.71000e+01 0.00000e+00
9.72000e+01 0.00000e+00
9.73000e+01 0.00000e+00
9.74000e+01 0.00000e+00
9.75000e+01 0.00000e+00
9.76000e+01 0.00000e+00
9.77000e+01 0.00000e+00
9.78000e+01 0.00000e+00
9.79000e+01 0.00000e+00
9.80000e+01 0.00000e+00
9.81000e+01 0.00000e+00
9.82000e+01 0.00000e+00
9.83000e+01 0.00000e+00
9.84000e+01 0.00000e+00
9.85000e+01 0.00000e+00
9.86000e+01 0.00000e+00
9.87000e+01 0.00000e+00
9.88000e+01 0.00000e+00
9.89000e+01 0.00000e+00
9.90000e+01 0.00000e+00
9.91000e+01 0.00000e+00
9.92000e+01 0.00000e+00
9.93000e+01 0.00000e+00
9.94000e+01 0.00000e+00
9.95000e+01 0.00000e+00
9.96000e+01 0.00000e+00
9.97000e+01 0.00000e+00
9.98000e+01 0.00000e+00
9.99000e+01 0.00000e+00
1.00000e+02 0.00000e+00
1.00100e+02 0.00000e+00
1.00200e+02 0.00000e+00
1.00300e+02 0.00000e+00
1.00400e+02 0.00000e+00
1.00500e+02 0.00000e+00
1.00600e+02 0.00000e+00
1.00700e+02 0.00000e+00
1.00800e+02 0.00000e+00
1.00900e+02 0.00000e+00
1.01000e+02 0.00000e+00
1.01100e+02 0.00000e+00
1.01200e+02 0.00000e+00
1.01300e+02 0.00000e+00
1.01400e+02 0.00000e+00
1.01500e+02 0.00000e+00
1.01600e+02 0.00000e+00
1.01700e+02 0.00000e+00
1.01800e+02 0.00000e+00
1.01900e+02 0.00000e+00
1.02000e+02 0.00000e+00
1.02100e+02 0.00000e+00
1.02200e+02 0.00000e+00
1.02300e+02 0.00000e+00
1.02400e+02 0.00000e+00
1.02500e+02 0.00000e+00
1.02600e+02 0.00000e+00
1.02700e+02 0.00000e+00
1.02800e+02 0.00000e+00
1.02900e+02 0.00000e+00
1.03000e+02 0.00000e+00
1.03100e+02 0.00000e+00
1.03200e+02 0.00000e+00
1.03300e+02 0.00000e+00
1.03400e+02 0.00000e+00
1.03500e+02 0.00000e+00
1.03600e+02 0.00000e+00
1.03700e+02 0.00000e+00
1.03800e+02 0.00000e+00
1.03900e+02 0.00000e+00
1.04000e+02 0.00000e+00
1.04100e+02 0.00000e+00
1.04200e+02 0.00000e+00
1.04300e+02 0.00000e+00
1.04400e+02 0.00000e+00
1.04500e+02 0.00000e+00
1.04600e+02 0.00000e+00
1.04700e+02 0.00000e+00
1.04800e+02 0.00000e+00
1.04900e+02 0.00000e+00
1.05000e+02 0.00000e+00
1.05100e+02 0.00000e+00
1.05200e+02 0.00000e+00
1.05300e+02 0.00000e+00
1.05400e+02 0.00000e+00
1.05500e+02 0.00000e+00
1.05600e+02 0.00000e+00
1.05700e+02 0.00000e+00
1.05800e+02 0.00000e+00
1.05900e+02 0.00000e+00
1.06000e+02 0.00000e+00
1.06100e+02 0.00000e+00
1.06200e+02 0.00000e+00
1.06300e+02 0.00000e+00
1.06400e+02 0.00000e+00
1.06500e+02 0.00000e+00
1.06600e+02 0.00000e+00
1.06700e+02 0.00000e+00
1.06800e+02 0.00000e+00
1.06900e+02 0.00000e+00
1.07000e+02 0.00000e+00
1.07100e+02 0.00000e+00
1.07200e+02 0.00000e+00
1.07300e+02 0.00000e+00
1.07400e+02 0.00000e+00
1.07500e+02 0.00000e+00
1.07600e+02 0.00000e+00
1.07700e+02 0.00000e+00
1.07800e+02 0.00000e+00
1.07900e+02 0.00000e+00
1.08000e+02 0.00000e+00
1.08100e+02 0.00000e+00
1.08200e+02 0.00000e+00
1.08300e+02 0.00000e+00
1.08400e+02 0.00000e+00
1.08500e+02 0.00000e+00
1.08600e+02 0.00000e+00
1.08700e+02 0.00000e+00
1.08800e+02 0.00000e+00
1.08900e+02 0.00000e+00
1.09000e+02 0.00000e+00
1.09100e+02 0.00000e+00
1.09200e+02 0.00000e+00
1.09300e+02 0.00000e+00
1.09400e+02 0.00000e+00
1.09500e+02 0.00000e+00
1.09600e+02 0.00000e+00
1.09700e+02 0.00000e+00
1.09800e+02 0.00000e+00
1.09900e+02 0.00000e+00
1.10000e+02 0.00000e+00
1.10100e+02 0.00000e+00
1.10200e+02 0.00000e+00
1.10300e+02 0.00000e+00
1.10400e+02 0.00000e+00
1.10500e+02 0.00000e+00
1.10600e+02 0.00000e+00
1.10700e+02 0.00000e+00
1.10800e+02 0.00000e+00
1.10900e+02 0.00000e+00
1.11000e+02 0.00000e+00
1.11100e+02 0.00000e+00
1.11200e+02 0.00000e+00
1.11300e+02 0.00000e+00
1.11400e+02 0.00000e+00
1.11500e+02 0.00000e+00
1.11600e+02 0.00000e+00
1.11700e+02 0.00000e+00
1.11800e+02 0.00000e+00
1.11900e+02 0.00000e+00
1.12000e+02 0.00000e+00
1.12100e+02 0.00000e+00
1.12200e+02 0.00000e+00
1.12300e+02 0.00000e+00
1.12400e+02 0.00000e+00
1.12500e+02 0.00000e+00
1.12600e+02 0.00000e+00
1.12700e+02 0.00000e+00
1.12800e+02 0.00000e+00
1.12900e+02 0.00000e+00
1.13000e+02 0.00000e+00
1.13100e+02 0.00000e+00
1.13200e+02 0.00000e+00
1.13300e+02 0.00000e+00
1.13400e+02 0.00000e+00
1.13500e+02 0.00000e+00
1.13600e+02 0.00000e+00
1.13700e+02 0.00000e+00
1.13800e+02 0.00000e+00
1.13900e+02 0.00000e+00
1.14000e+02 0.00000e+00
1.14100e+02 0.00000e+00
1.14200e+02 0.00000e+00
1.14300e+02 0.00000e+00
1.14400e+02 0.00000e+00
1.14500e+02 0.00000e+00
1.14600e+02 0.00000e+00
1.14700e+02 0.00000e+00
1.14800e+02 0.00000e+00
1.14900e+02 0.00000e+00
1.15000e+02 0.00000e+00
1.15100e+02 0.00000e+00
1.15200e+02 0.00000e+00
1.15300e+02 0.00000e+00
1.15400e+02 0.00000e+00
1.15500e+02 0.00000e+00
1.15600e+02 0.00000e+00
1.15700e+02 0.00000e+00
1.15800e+02 0.00000e+00
1.15900e+02 0.00000e+00
1.16000e+02 0.00000e+00
1.16100e+02 0.00000e+00
1.16200e+02 0.00000e+00
1.16300e+02 0.00000e+00
1.16400e+02 0.00000e+00
1.16500e+02 0.00000e+00
1.16600e+02 0.00000e+00
1.16700e+02 0.00000e+00
1.16800e+02 0.00000e+00
1.16900e+02 0.00000e+00
1.17000e+02 0.00000e+00
1.17100e+02 0.00000e+00
1.17200e+02 0.00000e+00
1.17300e+02 0.00000e+00
1.17400e+02 0.00000e+00
1.17500e+02 0.00000e+00
1.17600e+02 0.00000e+00
1.17700e+02 0.00000e+00
1.17800e+02 0.00000e+00
1.17900e+02 0.00000e+00
1.18000e+02 0.00000e+00
1.18100e+02 0.00000e+00
1.18200e+02 0.00000e+00
1.18300e+02 0.00000e+00
1.18400e+02 0.00000e+00
1.18500e+02 0.00000e+00
1.18600e+02 0.00000e+00
1.18700e+02 0.00000e+00
1.18800e+02 0.00000e+00
1.18900e+02 0.00000e+00
1.19000e+02 0.00000e+00
1.19100e+02 0.00000e+00
1.19200e+02 0.00000e+00
1.19300e+02 0.00000e+00
1.19400e+02 0.00000e+00
1.19500e+02 0.00000e+00
1.19600e+02 0.00000e+00
1.19700e+02 0.00000e+00
1.19800e+02 0.00000e+00
1.19900e+02 0.00000e+00
1.20000e+02 0.00000e+00
1.20100e+02 0.00000e+00
1.20200e+02 0.00000e+00
1.20300e+02 0.00000e+00
1.20400e+02 0.00000e+00
1.20500e+02 0.00000e+00
1.20600e+02 0.00000e+00
1.20700e+02 0.00000e+00
1.20800e+02 0.00000e+00
1.20900e+02 0.00000e+00
1.21000e+02 0.00000e+00
1.21100e+02 0.00000e+00
1.21200e+02 0.00000e+00
1.21300e+02 0.00000e+00
1.21400e+02 0.00000e+00
1.21500e+02 0.00000e+00
1.21600e+02 0.00000e+00
1.21700e+02 0.00000e+00
1.21800e+02 0.00000e+00
1.21900e+02 0.00000e+00
1.22000e+02 0.00000e+00
1.22100e+02 0.00000e+00
1.22200e+02 0.00000e+00
1.22300e+02 0.00000e+00
1.22400e+02 0.00000e+00
1.22500e+02 0.00000e+00
1.22600e+02 0.00000e+00
1.22700e+02 0.00000e+00
1.22800e+02 0.00000e+00
1.22900e+02 0.00000e+00
1.23000e+02 0.00000e+00
1.23100e+02 0.00000e+00
1.23200e+02 0.00000e+00
1.23300e+02 0.00000e+00
1.23400e+02 0.00000e+00
1.23500e+02 0.00000e+00
1.23600e+02 0.00000e+00
1.23700e+02 0.00000e+00
1.23800e+02 0.00000e+00
1.23900e+02 0.00000e+00
1.24000e+02 0.00000e+00
1.24100e+02 0.00000e+00
1.24200e+02 0.00000e+00
1.24300e+02 0.00000e+00
1.24400e+02 0.00000e+00
1.24500e+02 0.00000e+00
1.24600e+02 0.00000e+00
1.24700e+02 0.00000e+00
1.24800e+02 0.00000e+00
1.24900e+02 0.00000e+00
1.25000e+02 0.00000e+00
1.25100e+02 0.00000e+00
1.25200e+02 0.00000e+00
1.25300e+02 0.00000e+00
1.25400e+02 0.00000e+00
1.25500e+02 0.00000e+00
1.25600e+02 0.00000e+00
1.25700e+02 0.00000e+00
1.25800e+02 0.00000e+00
1.25900e+02 0.00000e+00
1.26000e+02 0.00000e+00
1.26100e+02 0.00000e+00
1.26200e+02 0.00000e+00
1.26300e+02 0.00000e+00
1.26400e+02 0.00000e+00
1.26500e+02 0.00000e+00
1.26600e+02 0.00000e+00
1.26700e+02 0.00000e+00
1.26800e+02 0.00000e+00
1.26900e+02 0.00000e+00
1.27000e+02 0.00000e+00
1.27100e+02 0.00000e+00
1.27200e+02 0.00000e+00
1.27300e+02 0.00000e+00
1.27400e+02 0.00000e+00
1.27500e+02 0.00000e+00
1.27600e+02 0.00000e+00
1.27700e+02 0.00000e+00
1.27800e+02 0.00000e+00
1.27900e+02 0.00000e+00
1.28000e+02 0.00000e+00
1.28100e+02 0.00000e+00
1.28200e+02 0.00000e+00
1.28300e+02 0.00000e+00
1.28400e+02 0.00000e+00
1.28500e+02 0.00000e+00
1.28600e+02 0.00000e+00
1.28700e+02 0.00000e+00
1.28800e+02 0.00000e+00
1.28900e+02 0.00000e+00
1.29000e+02 0.00000e+00
1.29100e+02 0.00000e+00
1.29200e+02 0.00000e+00
1.29300e+02 0.00000e+00
1.29400e+02 0.00000e+00
1.29500e+02 0.00000e+00
1.29600e+02 0.00000e+00
1.29700e+02 0.00000e+00
1.29800e+02 0.00000e+00
1.29900e+02 0.00000e+00
1.30000e+02 0.00000e+00
1.30100e+02 0.00000e+00
1.30200e+02 0.00000e+00
1.30300e+02 0.00000e+00
1.30400e+02 0.00000e+00
1.30500e+02 0.00000e+00
1.30600e+02 0.00000e+00
1.30700e+02 0.00000e+00
1.30800e+02 0.00000e+00
1.30900e+02 0.00000e+00
1.31000e+02 0.00000e+00
1.31100e+02 0.00000e+00
1.31200e+02 0.00000e+00
1.31300e+02 0.00000e+00
1.31400e+02 0.00000e+00
1.31500e+02 0.00000e+00
1.31600e+02 0.00000e+00
1.31700e+02 0.00000e+00
1.31800e+02 0.00000e+00
1.31900e+02 0.00000e+00
1.32000e+02 0.00000e+00
1.32100e+02 0.00000e+00
1.32200e+02 0.00000e+00
1.32300e+02 0.00000e+00
1.32400e+02 0.00000e+00
1.32500e+02 0.00000e+00
1.32600e+02 0.00000e+00
1.32700e+02 0.00000e+00
1.32800e+02 0.00000e+00
1.32900e+02 0.00000e+00
1.33000e+02 0.00000e+00
1.33100e+02 0.00000e+00
1.33200e+02 0.00000e+00
1.33300e+02 0.00000e+00
1.33400e+02 0.00000e+00
1.33500e+02 0.00000e+00
1.33600e+02 0.00000e+00
1.33700e+02 0.00000e+00
1.33800e+02 0.00000e+00
1.33900e+02 0.00000e+00
1.34000e+02 0.00000e+00
1.34100e+02 0.00000e+00
1.34200e+02 0.00000e+00
1.34300e+02 0.00000e+00
1.34400e+02 0.00000e+00
1.34500e+02 0.00000e+00
1.34600e+02 0.00000e+00
1.34700e+02 0.00000e+00
1.34800e+02 0.00000e+00
1.34900e+02 0.00000e+00
1.35000e+02 0.00000e+00
1.35100e+02 0.00000e+00
1.35200e+02 0.00000e+00
1.35300e+02 0.00000e+00
1.35400e+02 0.00000e+00
1.35500e+02 0.00000e+00
1.35600e+02 0.00000e+00
1.35700e+02 0.00000e+00
1.35800e+02 0.00000e+00
1.35900e+02 0.00000e+00
1.36000e+02 0.00000e+00
1.36100e+02 0.00000e+00
1.36200e+02 0.00000e+00
1.36300e+02 0.00000e+00
1.36400e+02 0.00000e+00
1.36500e+02 0.00000e+00
1.36600e+02 0.00000e+00
1.36700e+02 0.00000e+00
1.36800e+02 0.00000e+00
1.36900e+02 0.00000e+00
1.37000e+02 0.00000e+00
1.37100e+02 0.00000e+00
1.37200e+02 0.00000e+00
1.37300e+02 0.00000e+00
1.37400e+02 0.00000e+00
1.37500e+02 0.00000e+00
1.37600e+02 0.00000e+00
1.37700e+02 0.00000e+00
1.37800e+02 0.00000e+00
1.37900e+02 0.00000e+00
1.38000e+02 0.00000e+00
1.38100e+02 0.00000e+00
1.38200e+02 0.00000e+00
1.38300e+02 0.00000e+00
1.38400e+02 0.00000e+00
1.38500e+02 0.00000e+00
1.38600e+02 0.00000e+00
1.38700e+02 0.00000e+00
1.38800e+02 0.00000e+00
1.38900e+02 0.00000e+00
1.39000e+02 0.00000e+00
1.39100e+02 0.00000e+00
1.39200e+02 0.00000e+00
1.39300e+02 0.00000e+00
1.39400e+02 0.00000e+00
1.39500e+02 0.00000e+00
1.39600e+02 0.00000e+00
1.39700e+02 0.00000e+00
1.39800e+02 0.00000e+00
1.39900e+02 0.00000e+00
1.40000e+02 0.00000e+00
1.40100e+02 0.00000e+00
1.40200e+02 0.00000e+00
1.40300e+02 0.00000e+00
1.40400e+02 0.00000e+00
1.40500e+02 0.00000e+00
1.40600e+02 0.00000e+00
1.40700e+02 0.00000e+00
1.40800e+02 0.00000e+00
1.40900e+02 0.00000e+00
1.41000e+02 0.00000e+00
1.41100e+02 0.00000e+00
1.41200e+02 0.00000e+00
1.41300e+02 0.00000e+00
1.41400e+02 0.00000e+00
1.41500e+02 0.00000e+00
1.41600e+02 0.00000e+00
1.41700e+02 0.00000e+00
1.41800e+02 0.00000e+00
1.41900e+02 0.00000e+00
1.42000e+02 0.00000e+00
1.42100e+02 0.00000e+00
1.42200e+02 0.00000e+00
1.42300e+02 0.00000e+00
1.42400e+02 0.00000e+00
1.42500e+02 0.00000e+00
1.42600e+02 0.00000e+00
1.42700e+02 0.00000e+00
1.42800e+02 0.00000e+00
1.42900e+02 0.00000e+00
1.43000e+02 0.00000e+00
1.43100e+02 0.00000e+00
1.43200e+02 0.00000e+00
1.43300e+02 0.00000e+00
1.43400e+02 0.00000e+00
1.43500e+02 0.00000e+00
1.43600e+02 0.00000e+00
1.43700e+02 0.00000e+00
1.43800e+02 0.00000e+00
1.43900e+02 0.00000e+00
1.44000e+02 0.00000e+00
1.44100e+02 0.00000e+00
1.44200e+02 0.00000e+00
1.44300e+02 0.00000e+00
1.44400e+02 0.00000e+00
1.44500e+02 0.00000e+00
1.44600e+02 0.00000e+00
1.44700e+02 0.00000e+00
1.44800e+02 0.00000e+00
1.44900e+02 0.00000e+00
1.45000e+02 0.00000e+00
1.45100e+02 0.00000e+00
1.45200e+02 0.00000e+00
1.45300e+02 0.00000e+00
1.45400e+02 0.00000e+00
1.45500e+02 0.00000e+00
1.45600e+02 0.00000e+00
1.45700e+02 0.00000e+00
1.45800e+02 0.00000e+00
1.45900e+02 0.00000e+00
1.46000e+02 0.00000e+00
1.46100e+02 0.00000e+00
1.46200e+02 0.00000e+00
1.46300e+02 0.00000e+00
1.46400e+02 0.00000e+00
1.46500e+02 0.00000e+00
1.46600e+02 0.00000e+00
1.46700e+02 0.00000e+00
1.46800e+02 0.00000e+00
1.46900e+02 0.00000e+00
1.47000e+02 0.00000e+00
1.47100e+02 0.00000e+00
1.47200e+02 0.00000e+00
1.47300e+02 0.00000e+00
1.47400e+02 0.00000e+00
1.47500e+02 0.00000e+00
1.47600e+02 0.00000e+00
1.47700e+02 0.00000e+00
1.47800e+02 0.00000e+00
1.47900e+02 0.00000e+00
1.48000e+02 0.00000e+00
1.48100e+02 0.00000e+00
1.48200e+02 0.00000e+00
1.48300e+02 0.00000e+00
1.48400e+02 0.00000e+00
1.48500e+02 0.00000e+00
1.48600e+02 0.00000e+00
1.48700e+02 0.00000e+00
1.48800e+02 0.00000e+00
1.48900e+02 0.00000e+00
1.49000e+02 0.00000e+00
1.49100e+02 0.00000e+00
1.49200e+02 0.00000e+00
1.49300e+02 0.00000e+00
1.49400e+02 0.00000e+00
1.49500e+02 0.00000e+00
1.49600e+02 0.00000e+00
1.49700e+02 0.00000e+00
1.49800e+02 0.00000e+00
1.49900e+02 0.00000e+00
1.50000e+02 0.00000e+00
1.50100e+02 0.00000e+00
1.50200e+02 0.00000e+00
1.50300e+02 0.00000e+00
1.50400e+02 0.00000e+00
1.50500e+02 0.00000e+00
1.50600e+02 0.00000e+00
1.50700e+02 0.00000e+00
1.50800e+02 0.00000e+00
1.50900e+02 0.00000e+00
1.51000e+02 0.00000e+00
1.51100e+02 0.00000e+00
1.51200e+02 0.00000e+00
1.51300e+02 0.00000e+00
1.51400e+02 0.00000e+00
1.51500e+02 0.00000e+00
1.51600e+02 0.00000e+00
1.51700e+02 0.00000e+00
1.51800e+02 0.00000e+00
1.51900e+02 0.00000e+00
1.52000e+02 0.00000e+00
1.52100e+02 0.00000e+00
1.52200e+02 0.00000e+00
1.52300e+02 0.00000e+00
1.52400e+02 0.00000e+00
1.52500e+02 0.00000e+00
1.52600e+02 0.00000e+00
1.52700e+02 0.00000e+00
1.52800e+02 0.00000e+00
1.52900e+02 0.00000e+00
1.53000e+02 0.00000e+00
1.53100e+02 0.00000e+00
1.53200e+02 0.00000e+00
1.53300e+02 0.00000e+00
1.53400e+02 0.00000e+00
1.53500e+02 0.00000e+00
1.53600e+02 0.00000e+00
1.53700e+02 0.00000e+00
1.53800e+02 0.00000e+00
1.53900e+02 0.00000e+00
1.54000e+02 0.00000e+00
1.54100e+02 0.00000e+00
1.54200e+02 0.00000e+00
1.54300e+02 0.00000e+00
1.54400e+02 0.00000e+00
1.54500e+02 0.00000e+00
1.54600e+02 0.00000e+00
1.54700e+02 0.00000e+00
1.54800e+02 0.00000e+00
1.54900e+02 0.00000e+00
1.55000e+02 0.00000e+00
1.55100e+02 0.00000e+00
1.55200e+02 0.00000e+00
1.55300e+02 0.00000e+00
1.55400e+02 0.00000e+00
1.55500e+02 0.00000e+00
1.55600e+02 0.00000e+00
1.55700e+02 0.00000e+00
1.55800e+02 0.00000e+00
1.55900e+02 0.00000e+00
1.56000e+02 0.00000e+00
1.56100e+02 0.00000e+00
1.56200e+02 0.00000e+00
1.56300e+02 0.00000e+00
1.56400e+02 0.00000e+00
1.56500e+02 0.00000e+00
1.56600e+02 0.00000e+00
1.56700e+02 0.00000e+00
1.56800e+02 0.00000e+00
1.56900e+02 0.00000e+00
1.57000e+02 0.00000e+00
1.57100e+02 0.00000e+00
1.57200e+02 0.00000e+00
1.57300e+02 0.00000e+00
1.57400e+02 0.00000e+00
1.57500e+02 0.00000e+00
1.57600e+02 0.00000e+00
1.57700e+02 0.00000e+00
1.57800e+02 0.00000e+00
1.57900e+02 0.00000e+00
1.58000e+02 0.00000e+00
1.58100e+02 0.00000e+00
1.58200e+02 0.00000e+00
1.58300e+02 0.00000e+00
1.58400e+02 0.00000e+00
1.58500e+02 0.00000e+00
1.58600e+02 0.00000e+00
1.58700e+02 0.00000e+00
1.58800e+02 0.00000e+00
1.58900e+02 0.00000e+00
1.59000e+02 0.00000e+00
1.59100e+02 0.00000e+00
1.59200e+02 0.00000e+00
1.59300e+02 0.00000e+00
1.59400e+02 0.00000e+00
1.59500e+02 0.00000e+00
1.59600e+02 0.00000e+00
1.59700e+02 0.00000e+00
1.59800e+02 0.00000e+00
1.59900e+02 0.00000e+00
1.60000e+02 0.00000e+00
1.60100e+02 0.00000e+00
1.60200e+02 0.00000e+00
1.60300e+02 0.00000e+00
1.60400e+02 0.00000e+00
1.60500e+02 0.00000e+00
1.60600e+02 0.00000e+00
1.60700e+02 0.00000e+00
1.60800e+02 0.00000e+00
1.60900e+02 0.00000e+00
1.61000e+02 0.00000e+00
1.61100e+02 0.00000e+00
1.61200e+02 0.00000e+00
1.61300e+02 0.00000e+00
1.61400e+02 0.00000e+00
1.61500e+02 0.00000e+00
1.61600e+02 0.00000e+00
1.61700e+02 0.00000e+00
1.61800e+02 0.00000e+00
1.61900e+02 0.00000e+00
1.62000e+02 0.00000e+00
1.62100e+02 0.00000e+00
1.62200e+02 0.00000e+00
1.62300e+02 0.00000e+00
1.62400e+02 0.00000e+00
1.62500e+02 0.00000e+00
1.62600e+02 0.00000e+00
1.62700e+02 0.00000e+00
1.62800e+02 0.00000e+00
1.62900e+02 0.00000e+00
1.63000e+02 0.00000e+00
1.63100e+02 0.00000e+00
1.63200e+02 0.00000e+00
1.63300e+02 0.00000e+00
1.63400e+02 0.00000e+00
1.63500e+02 0.00000e+00
1.63600e+02 0.00000e+00
1.63700e+02 0.00000e+00
1.63800e+02 0.00000e+00
1.63900e+02 0.00000e+00
1.64000e+02 0.00000e+00
1.64100e+02 0.00000e+00
1.64200e+02 0.00000e+00
1.64300e+02 0.00000e+00
1.64400e+02 0.00000e+00
1.64500e+02 0.00000e+00
1.64600e+02 0.00000e+00
1.64700e+02 0.00000e+00
1.64800e+02 0.00000e+00
1.64900e+02 0.00000e+00
1.65000e+02 0.00000e+00
1.65100e+02 0.00000e+00
1.65200e+02 0.00000e+00
1.65300e+02 0.00000e+00
1.65400e+02 0.00000e+00
1.65500e+02 0.00000e+00
1.65600e+02 0.00000e+00
1.65700e+02 0.00000e+00
1.65800e+02 0.00000e+00
1.65900e+02 0.00000e+00
1.66000e+02 0.00000e+00
1.66100e+02 3.09415e-21
1.66200e+02 6.10630e-21
1.66300e+02 8.09347e-21
1.66400e+02 9.42820e-21
1.66500e+02 1.06971e-20
1.66600e+02 1.17369e-20
1.66700e+02 1.41846e-20
1.66800e+02 1.77697e-20
1.66900e+02 1.91736e-20
1.67000e+02 2.01076e-20
1.67100e+02 2.23692e-20
1.67200e+02 2.44226e-20
1.67300e+02 2.77062e-20
1.67400e+02 3.19059e-20
1.67500e+02 3.39211e-20
1.67600e+02 3.71106e-20
1.67700e+02 3.90800e-20
1.67800e+02 3.58394e-20
1.67900e+02 3.50465e-20
1.68000e+02 3.60623e-20
1.68100e+02 3.54730e-20
1.68200e+02 3.41902e-20
1.68300e+02 3.01173e-20
1.68400e+02 2.76755e-20
1.68500e+02 2.94010e-20
1.68600e+02 3.23868e-20
1.68700e+02 3.07708e-20
1.68800e+02 2.72513e-20
1.68900e+02 2.72145e-20
1.69000e+02 3.02050e-20
1.69100e+02 3.32267e-20
1.69200e+02 3.31512e-20
1.69300e+02 3.00455e-20
1.69400e+02 2.74230e-20
1.69500e+02 2.78173e-20
1.69600e+02 2.76690e-20
1.69700e+02 2.52725e-20
1.69800e+02 2.30140e-20
1.69900e+02 2.17993e-20
1.70000e+02 2.06945e-20
1.70100e+02 2.07447e-20
1.70200e+02 2.10015e-20
1.70300e+02 2.00570e-20
1.70400e+02 2.14930e-20
1.70500e+02 2.27640e-20
1.70600e+02 2.12518e-20
1.70700e+02 2.06008e-20
1.70800e+02 2.13165e-20
1.70900e+02 2.14782e-20
1.71000e+02 2.10653e-20
1.71100e+02 1.99203e-20
1.71200e+02 1.77547e-20
1.71300e+02 1.63807e-20
1.71400e+02 1.67325e-20
1.71500e+02 1.82293e-20
1.71600e+02 1.69593e-20
1.71700e+02 1.36553e-20
1.71800e+02 1.26307e-20
1.71900e+02 1.38555e-20
1.72000e+02 1.44933e-20
1.72100e+02 1.38455e-20
1.72200e+02 1.31560e-20
1.72300e+02 1.29687e-20
1.72400e+02 1.32965e-20
1.72500e+02 1.37133e-20
1.72600e+02 1.33613e-20
1.72700e+02 1.21443e-20
1.72800e+02 1.17447e-20
1.72900e+02 1.12605e-20
1.73000e+02 1.09230e-20
1.73100e+02 1.06304e-20
1.73200e+02 9.89095e-21
1.73300e+02 1.01218e-20
1.73400e+02 1.06637e-20
1.73500e+02 1.02862e-20
1.73600e+02 9.59752e-21
1.73700e+02 9.23960e-21
1.73800e+02 9.32023e-21
1.73900e+02 9.49320e-21
1.74000e+02 9.49913e-21
1.74100e+02 9.25042e-21
1.74200e+02 8.77367e-21
1.74300e+02 8.24595e-21
1.74400e+02 8.00343e-21
1.74500e+02 7.70390e-21
1.74600e+02 7.21795e-21
1.74700e+02 6.78668e-21
1.74800e+02 6.76255e-21
1.74900e+02 7.32340e-21
1.75000e+02 7.20803e-21
1.75100e+02 6.51685e-21
1.75200e+02 5.84880e-21
1.75300e+02 5.53735e-21
1.75400e+02 5.58408e-21
1.75500e+02 5.43215e-21
1.75600e+02 4.91580e-21
1.75700e+02 4.43658e-21
1.75800e+02 4.44163e-21
1.75900e+02 4.83380e-21
1.76000e+02 5.04973e-21
1.76100e+02 4.92270e-21
1.76200e+02 4.69162e-21
1.76300e+02 4.27847e-21
1.76400e+02 4.03808e-21
1.76500e+02 3.97875e-21
1.76600e+02 3.93273e-21
1.76700e+02 3.97088e-21
1.76800e+02 3.84415e-21
1.76900e+02 3.83750e-21
1.77000e+02 4.21360e-21
1.77100e+02 4.18700e-21
1.77200e+02 3.60680e-21
1.77300e+02 3.22770e-21
1.77400e+02 3.11967e-21
1.77500e+02 3.03102e-21
1.77600e+02 3.01310e-21
1.77700e+02 2.99605e-21
1.77800e+02 2.88185e-21
1.77900e+02 2.84657e-21
1.78000e+02 3.11230e-21
1.78100e+02 3.43297e-21
1.78200e+02 3.14278e-21
1.78300e+02 2.52933e-21
1.78400e+02 2.25688e-21
1.78500e+02 2.25552e-21
1.78600e+02 2.34340e-21
1.78700e+02 2.15992e-21
1.78800e+02 1.94490e-21
1.78900e+02 2.07928e-21
1.79000e+02 2.22880e-21
1.79100e+02 2.17693e-21
1.79200e+02 1.92123e-21
1.79300e+02 1.73820e-21
1.79400e+02 1.68047e-21
1.79500e+02 1.69998e-21
1.79600e+02 1.78550e-21
1.79700e+02 1.83547e-21
1.79800e+02 1.79372e-21
1.79900e+02 1.70327e-21
1.80000e+02 1.79903e-21
1.80100e+02 1.85340e-21
1.80200e+02 1.79373e-21
1.80300e+02 1.74178e-21
1.80400e+02 1.54860e-21
1.80500e+02 1.29245e-21
1.80600e+02 1.09897e-21
1.80700e+02 1.05794e-21
1.80800e+02 1.12765e-21
1.80900e+02 1.12117e-21
1.81000e+02 1.06567e-21
1.81100e+02 1.09080e-21
1.81200e+02 1.07349e-21
1.81300e+02 1.03323e-21
1.81400e+02 1.05792e-21
1.81500e+02 1.03057e-21
1.81600e+02 9.86305e-22
1.81700e+02 1.00290e-21
1.81800e+02 1.01234e-21
1.81900e+02 1.04219e-21
1.82000e+02 1.01370e-21
1.82100e+02 8.99190e-22
1.82200e+02 7.79025e-22
1.82300e+02 7.22970e-22
1.82400e+02 7.69260e-22
1.82500e+02 7.50140e-22
1.82600e+02 6.14465e-22
1.82700e+02 5.11000e-22
1.82800e+02 4.99342e-22
1.82900e+02 5.19930e-22
1.83000e+02 5.23953e-22
1.83100e+02 5.23985e-22
1.83200e+02 5.15293e-22
1.83300e+02 5.52972e-22
1.83400e+02 6.07750e-22
1.83500e+02 6.25607e-22
1.83600e+02 6.46118e-22
1.83700e+02 6.30627e-22
1.83800e+02 6.05085e-22
1.83900e+02 5.81308e-22
1.84000e+02 5.23968e-22
1.84100e+02 4.56333e-22
1.84200e+02 4.07318e-22
1.84300e+02 3.74605e-22
1.84400e+02 3.47940e-22
1.84500e+02 3.39777e-22
1.84600e+02 3.46313e-22
1.84700e+02 3.34230e-22
1.84800e+02 3.00455e-22
1.84900e+02 2.80043e-22
1.85000e+02 2.81493e-22
1.85100e+02 2.79103e-22
1.85200e+02 2.71955e-22
1.85300e+02 2.86558e-22
1.85400e+02 3.42343e-22
1.85500e+02 3.71685e-22
1.85600e+02 3.57913e-22
1.85700e+02 3.88813e-22
1.85800e+02 4.07135e-22
1.85900e+02 3.53277e-22
1.86000e+02 2.87823e-22
1.86100e+02 2.66387e-22
1.86200e+02 2.40887e-22
1.86300e+02 1.96102e-22
1.86400e+02 1.81770e-22
1.86500e+02 1.71305e-22
1.86600e+02 1.64813e-22
1.86700e+02 1.64092e-22
1.86800e+02 1.63468e-22
1.86900e+02 1.70188e-22
1.87000e+02 1.67248e-22
1.87100e+02 1.59047e-22
1.87200e+02 1.62717e-22
1.87300e+02 1.65370e-22
1.87400e+02 1.68015e-22
1.87500e+02 1.83075e-22
1.87600e+02 2.02143e-22
1.87700e+02 2.01952e-22
1.87800e+02 1.90287e-22
1.87900e+02 1.80422e-22
1.88000e+02 1.70457e-22
1.88100e+02 1.60255e-22
1.88200e+02 1.34718e-22
1.88300e+02 1.06444e-22
1.88400e+02 9.63505e-23
1.88500e+02 9.16625e-23
1.88600e+02 8.57372e-23
1.88700e+02 8.27965e-23
1.88800e+02 8.06400e-23
1.88900e+02 7.40208e-23
1.89000e+02 7.06138e-23
1.89100e+02 8.02475e-23
1.89200e+02 8.93698e-23
1.89300e+02 8.82645e-23
1.89400e+02 8.76280e-23
1.89500e+02 8.59172e-23
1.89600e+02 9.45840e-23
1.89700e+02 1.08102e-22
1.89800e+02 1.04832e-22
1.89900e+02 1.02956e-22
1.90000e+02 9.45090e-23
1.90100e+02 7.81343e-23
1.90200e+02 6.82240e-23
1.90300e+02 6.40265e-23
1.90400e+02 6.02785e-23
1.90500e+02 5.19000e-23
1.90600e+02 4.72950e-23
1.90700e+02 4.72870e-23
1.90800e+02 4.75228e-23
1.90900e+02 4.44110e-23
1.91000e+02 4.16685e-23
1.91100e+02 4.44770e-23
1.91200e+02 4.20747e-23
1.91300e+02 3.63420e-23
1.91400e+02 3.88540e-23
1.91500e+02 4.50990e-23
1.91600e+02 4.86250e-23
1.91700e+02 4.52590e-23
1.91800e+02 4.29330e-23
1.91900e+02 4.55993e-23
1.92000e+02 4.96182e-23
1.92100e+02 4.91585e-23
1.92200e+02 4.27790e-23
1.92300e+02 3.75255e-23
1.92400e+02 3.30332e-23
1.92500e+02 2.91197e-23
1.92600e+02 2.64330e-23
1.92700e+02 2.46862e-23
1.92800e+02 2.48997e-23
1.92900e+02 2.64318e-23
1.93000e+02 2.67468e-23
1.93100e+02 2.50493e-23
1.93200e+02 2.39130e-23
1.93300e+02 2.41613e-23
1.93400e+02 2.35000e-23
1.93500e+02 2.17520e-23
1.93600e+02 1.98280e-23
1.93700e+02 1.95120e-23
1.93800e+02 2.12383e-23
1.93900e+02 2.36693e-23
1.94000e+02 2.39750e-23
1.94100e+02 2.19290e-23
1.94200e+02 2.07035e-23
1.94300e+02 2.03882e-23
1.94400e+02 2.04183e-23
1.94500e+02 1.93290e-23
1.94600e+02 1.66917e-23
1.94700e+02 1.39318e-23
1.94800e+02 1.26088e-23
1.94900e+02 1.26972e-23
1.95000e+02 1.27092e-23
1.95100e+02 1.19892e-23
1.95200e+02 1.17467e-23
1.95300e+02 1.23975e-23
1.95400e+02 1.30397e-23
1.95500e+02 1.29685e-23
1.95600e+02 1.14783e-23
1.95700e+02 9.68885e-24
1.95800e+02 8.99075e-24
1.95900e+02 9.44967e-24
1.96000e+02 1.04539e-23
1.96100e+02 9.60885e-24
1.96200e+02 8.25187e-24
1.96300e+02 8.81260e-24
1.96400e+02 1.02574e-23
1.96500e+02 9.76810e-24
1.96600e+02 8.07143e-24
1.96700e+02 7.64457e-24
1.96800e+02 7.93667e-24
1.96900e+02 7.77857e-24
1.97000e+02 7.12685e-24
1.97100e+02 6.36590e-24
1.97200e+02 5.88615e-24
1.97300e+02 5.95318e-24
1.97400e+02 6.64442e-24
1.97500e+02 7.23528e-24
1.97600e+02 6.54868e-24
1.97700e+02 5.92693e-24
1.97800e+02 6.19473e-24
1.97900e+02 6.30683e-24
1.98000e+02 5.65842e-24
1.98100e+02 4.77000e-24
1.98200e+02 4.03555e-24
1.98300e+02 3.54493e-24
1.98400e+02 3.78620e-24
1.98500e+02 4.51475e-24
1.98600e+02 4.45548e-24
1.98700e+02 3.75453e-24
1.98800e+02 3.72170e-24
1.98900e+02 4.03308e-24
1.99000e+02 3.77938e-24
1.99100e+02 3.22020e-24
1.99200e+02 2.89623e-24
1.99300e+02 2.79092e-24
1.99400e+02 2.70295e-24
1.99500e+02 2.68450e-24
1.99600e+02 2.80653e-24
1.99700e+02 2.74410e-24
1.99800e+02 2.55563e-24
1.99900e+02 2.58214e-24
2.00000e+02 2.37802e-24
2.00100e+02 1.99900e-24
2.00200e+02 1.79600e-24
2.00300e+02 1.59200e-24
2.00400e+02 1.38900e-24
2.00500e+02 1.20600e-24
2.00600e+02 1.02900e-24
2.00700e+02 8.51700e-25
2.00800e+02 7.22900e-25
2.00900e+02 6.66800e-25
2.01000e+02 6.10700e-25
2.01100e+02 5.25000e-25
2.01200e+02 4.39300e-25
2.01300e+02 3.53600e-25
2.01400e+02 2.59500e-25
2.01500e+02 1.61600e-25
2.01600e+02 0.00000e+00
2.01700e+02 0.00000e+00
2.01800e+02 0.00000e+00
2.01900e+02 0.00000e+00
2.02000e+02 0.00000e+00
2.02100e+02 0.00000e+00
2.02200e+02 0.00000e+00
2.02300e+02 0.00000e+00
2.02400e+02 0.00000e+00
2.02500e+02 0.00000e+00
2.02600e+02 0.00000e+00
2.02700e+02 0.00000e+00
2.02800e+02 0.00000e+00
2.02900e+02 0.00000e+00
2.03000e+02 0.00000e+00
2.03100e+02 0.00000e+00
2.03200e+02 0.00000e+00
2.03300e+02 0.00000e+00
2.03400e+02 0.00000e+00
2.03500e+02 0.00000e+00
2.03600e+02 0.00000e+00
2.03700e+02 0.00000e+00
2.03800e+02 0.00000e+00
2.03900e+02 0.00000e+00
2.04000e+02 0.00000e+00
2.04100e+02 0.00000e+00
2.04200e+02 0.00000e+00
2.04300e+02 0.00000e+00
2.04400e+02 0.00000e+00
2.04500e+02 0.00000e+00
2.04600e+02 0.00000e+00
2.04700e+02 0.00000e+00
2.04800e+02 0.00000e+00
2.04900e+02 0.00000e+00
2.05000e+02 0.00000e+00
2.05100e+02 0.00000e+00
2.05200e+02 0.00000e+00
2.05300e+02 0.00000e+00
2.05400e+02 0.00000e+00
2.05500e+02 0.00000e+00
2.05600e+02 0.00000e+00
2.05700e+02 0.00000e+00
2.05800e+02 0.00000e+00
2.05900e+02 0.00000e+00
2.06000e+02 0.00000e+00
2.06100e+02 0.00000e+00
2.06200e+02 0.00000e+00
2.06300e+02 0.00000e+00
2.06400e+02 0.00000e+00
2.06500e+02 0.00000e+00
2.06600e+02 0.00000e+00
2.06700e+02 0.00000e+00
2.06800e+02 0.00000e+00
2.06900e+02 0.00000e+00
2.07000e+02 0.00000e+00
2.07100e+02 0.00000e+00
2.07200e+02 0.00000e+00
2.07300e+02 0.00000e+00
2.07400e+02 0.00000e+00
2.07500e+02 0.00000e+00
2.07600e+02 0.00000e+00
2.07700e+02 0.00000e+00
2.07800e+02 0.00000e+00
2.07900e+02 0.00000e+00
2.08000e+02 0.00000e+00
2.08100e+02 0.00000e+00
2.08200e+02 0.00000e+00
2.08300e+02 0.00000e+00
2.08400e+02 0.00000e+00
2.08500e+02 0.00000e+00
2.08600e+02 0.00000e+00
2.08700e+02 0.00000e+00
2.08800e+02 0.00000e+00
2.08900e+02 0.00000e+00
2.09000e+02 0.00000e+00
2.09100e+02 0.00000e+00
2.09200e+02 0.00000e+00
2.09300e+02 0.00000e+00
2.09400e+02 0.00000e+00
2.09500e+02 0.00000e+00
2.09600e+02 0.00000e+00
2.09700e+02 0.00000e+00
2.09800e+02 0.00000e+00
2.09900e+02 0.00000e+00
2.10000e+02 0.00000e+00
2.10100e+02 0.00000e+00
2.10200e+02 0.00000e+00
2.10300e+02 0.00000e+00
2.10400e+02 0.00000e+00
2.10500e+02 0.00000e+00
2.10600e+02 0.00000e+00
2.10700e+02 0.00000e+00
2.10800e+02 0.00000e+00
2.10900e+02 0.00000e+00
2.11000e+02 0.00000e+00
2.11100e+02 0.00000e+00
2.11200e+02 0.00000e+00
2.11300e+02 0.00000e+00
2.11400e+02 0.00000e+00
2.11500e+02 0.00000e+00
2.11600e+02 0.00000e+00
2.11700e+02 0.00000e+00
2.11800e+02 0.00000e+00
2.11900e+02 0.00000e+00
2.12000e+02 0.00000e+00
2.12100e+02 0.00000e+00
2.12200e+02 0.00000e+00
2.12300e+02 0.00000e+00
2.12400e+02 0.00000e+00
2.12500e+02 0.00000e+00
2.12600e+02 0.00000e+00
2.12700e+02 0.00000e+00
2.12800e+02 0.00000e+00
2.12900e+02 0.00000e+00
2.13000e+02 0.00000e+00
2.13100e+02 0.00000e+00
2.13200e+02 0.00000e+00
2.13300e+02 0.00000e+00
2.13400e+02 0.00000e+00
2.13500e+02 0.00000e+00
2.13600e+02 0.00000e+00
2.13700e+02 0.00000e+00
2.13800e+02 0.00000e+00
2.13900e+02 0.00000e+00
2.14000e+02 0.00000e+00
2.14100e+02 0.00000e+00
2.14200e+02 0.00000e+00
2.14300e+02 0.00000e+00
2.14400e+02 0.00000e+00
2.14500e+02 0.00000e+00
2.14600e+02 0.00000e+00
2.14700e+02 0.00000e+00
2.14800e+02 0.00000e+00
2.14900e+02 0.00000e+00
2.15000e+02 0.00000e+00
2.15100e+02 0.00000e+00
2.15200e+02 0.00000e+00
2.15300e+02 0.00000e+00
2.15400e+02 0.00000e+00
2.15500e+02 0.00000e+00
2.15600e+02 0.00000e+00
2.15700e+02 0.00000e+00
2.15800e+02 0.00000e+00
2.15900e+02 0.00000e+00
2.16000e+02 0.00000e+00
2.16100e+02 0.00000e+00
2.16200e+02 0.00000e+00
2.16300e+02 0.00000e+00
2.16400e+02 0.00000e+00
2.16500e+02 0.00000e+00
2.16600e+02 0.00000e+00
2.16700e+02 0.00000e+00
2.16800e+02 0.00000e+00
2.16900e+02 0.00000e+00
2.17000e+02 0.00000e+00
2.17100e+02 0.00000e+00
2.17200e+02 0.00000e+00
2.17300e+02 0.00000e+00
2.17400e+02 0.00000e+00
2.17500e+02 0.00000e+00
2.17600e+02 0.00000e+00
2.17700e+02 0.00000e+00
2.17800e+02 0.00000e+00
2.17900e+02 0.00000e+00
2.18000e+02 0.00000e+00
2.18100e+02 0.00000e+00
2.18200e+02 0.00000e+00
2.18300e+02 0.00000e+00
2.18400e+02 0.00000e+00
2.18500e+02 0.00000e+00
2.18600e+02 0.00000e+00
2.18700e+02 0.00000e+00
2.18800e+02 0.00000e+00
2.18900e+02 0.00000e+00
2.19000e+02 0.00000e+00
2.19100e+02 0.00000e+00
2.19200e+02 0.00000e+00
2.19300e+02 0.00000e+00
2.19400e+02 0.00000e+00
2.19500e+02 0.00000e+00
2.19600e+02 0.00000e+00
2.19700e+02 0.00000e+00
2.19800e+02 0.00000e+00
2.19900e+02 0.00000e+00
2.20000e+02 0.00000e+00
2.20100e+02 0.00000e+00
2.20200e+02 0.00000e+00
2.20300e+02 0.00000e+00
2.20400e+02 0.00000e+00
2.20500e+02 0.00000e+00
2.20600e+02 0.00000e+00
2.20700e+02 0.00000e+00
2.20800e+02 0.00000e+00
2.20900e+02 0.00000e+00
2.21000e+02 0.00000e+00
2.21100e+02 0.00000e+00
2.21200e+02 0.00000e+00
2.21300e+02 0.00000e+00
2.21400e+02 0.00000e+00
2.21500e+02 0.00000e+00
2.21600e+02 0.00000e+00
2.21700e+02 0.00000e+00
2.21800e+02 0.00000e+00
2.21900e+02 0.00000e+00
2.22000e+02 0.00000e+00
2.22100e+02 0.00000e+00
2.22200e+02 0.00000e+00
2.22300e+02 0.00000e+00
2.22400e+02 0.00000e+00
2.22500e+02 0.00000e+00
2.22600e+02 0.00000e+00
2.22700e+02 0.00000e+00
2.22800e+02 0.00000e+00
2.22900e+02 0.00000e+00
2.23000e+02 0.00000e+00
2.23100e+02 0.00000e+00
2.23200e+02 0.00000e+00
2.23300e+02 0.00000e+00
2.23400e+02 0.00000e+00
2.23500e+02 0.00000e+00
2.23600e+02 0.00000e+00
2.23700e+02 0.00000e+00
2.23800e+02 0.00000e+00
2.23900e+02 0.00000e+00
2.24000e+02 0.00000e+00
2.24100e+02 0.00000e+00
2.24200e+02 0.00000e+00
2.24300e+02 0.00000e+00
2.24400e+02 0.00000e+00
2.24500e+02 0.00000e+00
2.24600e+02 0.00000e+00
2.24700e+02 0.00000e+00
2.24800e+02 0.00000e+00
2.24900e+02 0.00000e+00
2.25000e+02 0.00000e+00
2.25100e+02 0.00000e+00
2.25200e+02 0.00000e+00
2.25300e+02 0.00000e+00
2.25400e+02 0.00000e+00
2.25500e+02 0.00000e+00
2.25600e+02 0.00000e+00
2.25700e+02 0.00000e+00
2.25800e+02 0.00000e+00
2.25900e+02 0.00000e+00
2.26000e+02 0.00000e+00
2.26100e+02 0.00000e+00
2.26200e+02 0.00000e+00
2.26300e+02 0.00000e+00
2.26400e+02 0.00000e+00
2.26500e+02 0.00000e+00
2.26600e+02 0.00000e+00
2.26700e+02 0.00000e+00
2.26800e+02 0.00000e+00
2.26900e+02 0.00000e+00
2.27000e+02 0.00000e+00
2.27100e+02 0.00000e+00
2.27200e+02 0.00000e+00
2.27300e+02 0.00000e+00
2.27400e+02 0.00000e+00
2.27500e+02 0.00000e+00
2.27600e+02 0.00000e+00
2.27700e+02 0.00000e+00
2.27800e+02 0.00000e+00
2.27900e+02 0.00000e+00
2.28000e+02 0.00000e+00
2.28100e+02 0.00000e+00
2.28200e+02 0.00000e+00
2.28300e+02 0.00000e+00
2.28400e+02 0.00000e+00
2.28500e+02 0.00000e+00
2.28600e+02 0.00000e+00
2.28700e+02 0.00000e+00
2.28800e+02 0.00000e+00
2.28900e+02 0.00000e+00
2.29000e+02 0.00000e+00
2.29100e+02 0.00000e+00
2.29200e+02 0.00000e+00
2.29300e+02 0.00000e+00
2.29400e+02 0.00000e+00
2.29500e+02 0.00000e+00
2.29600e+02 0.00000e+00
2.29700e+02 0.00000e+00
2.29800e+02 0.00000e+00
2.29900e+02 0.00000e+00
2.30000e+02 0.00000e+00
2.30100e+02 0.00000e+00
2.30200e+02 0.00000e+00
2.30300e+02 0.00000e+00
2.30400e+02 0.00000e+00
2.30500e+02 0.00000e+00
2.30600e+02 0.00000e+00
2.30700e+02 0.00000e+00
2.30800e+02 0.00000e+00
2.30900e+02 0.00000e+00
2.31000e+02 0.00000e+00
2.31100e+02 0.00000e+00
2.31200e+02 0.00000e+00
2.31300e+02 0.00000e+00
2.31400e+02 0.00000e+00
2.31500e+02 0.00000e+00
2.31600e+02 0.00000e+00
2.31700e+02 0.00000e+00
2.31800e+02 0.00000e+00
2.31900e+02 0.00000e+00
2.32000e+02 0.00000e+00
2.32100e+02 0.00000e+00
2.32200e+02 0.00000e+00
2.32300e+02 0.00000e+00
2.32400e+02 0.00000e+00
2.32500e+02 0.00000e+00
2.32600e+02 0.00000e+00
2.32700e+02 0.00000e+00
2.32800e+02 0.00000e+00
2.32900e+02 0.00000e+00
2.33000e+02 0.00000e+00
2.33100e+02 0.00000e+00
2.33200e+02 0.00000e+00
2.33300e+02 0.00000e+00
2.33400e+02 0.00000e+00
2.33500e+02 0.00000e+00
2.33600e+02 0.00000e+00
2.33700e+02 0.00000e+00
2.33800e+02 0.00000e+00
2.33900e+02 0.00000e+00
2.34000e+02 0.00000e+00
2.34100e+02 0.00000e+00
2.34200e+02 0.00000e+00
2.34300e+02 0.00000e+00
2.34400e+02 0.00000e+00
2.34500e+02 0.00000e+00
2.34600e+02 0.00000e+00
2.34700e+02 0.00000e+00
2.34800e+02 0.00000e+00
2.34900e+02 0.00000e+00
2.35000e+02 0.00000e+00
2.35100e+02 0.00000e+00
2.35200e+02 0.00000e+00
2.35300e+02 0.00000e+00
2.35400e+02 0.00000e+00
2.35500e+02 0.00000e+00
2.35600e+02 0.00000e+00
2.35700e+02 0.00000e+00
2.35800e+02 0.00000e+00
2.35900e+02 0.00000e+00
2.36000e+02 0.00000e+00
2.36100e+02 0.00000e+00
2.36200e+02 0.00000e+00
2.36300e+02 0.00000e+00
2.36400e+02 0.00000e+00
2.36500e+02 0.00000e+00
2.36600e+02 0.00000e+00
2.36700e+02 0.00000e+00
2.36800e+02 0.00000e+00
2.36900e+02 0.00000e+00
2.37000e+02 0.00000e+00
2.37100e+02 0.00000e+00
2.37200e+02 0.00000e+00
2.37300e+02 0.00000e+00
2.37400e+02 0.00000e+00
2.37500e+02 0.00000e+00
2.37600e+02 0.00000e+00
2.37700e+02 0.00000e+00
2.37800e+02 0.00000e+00
2.37900e+02 0.00000e+00
2.38000e+02 0.00000e+00
2.38100e+02 0.00000e+00
2.38200e+02 0.00000e+00
2.38300e+02 0.00000e+00
2.38400e+02 0.00000e+00
2.38500e+02 0.00000e+00
2.38600e+02 0.00000e+00
2.38700e+02 0.00000e+00
2.38800e+02 0.00000e+00
2.38900e+02 0.00000e+00
2.39000e+02 0.00000e+00
2.39100e+02 0.00000e+00
2.39200e+02 0.00000e+00
2.39300e+02 0.00000e+00
2.39400e+02 0.00000e+00
2.39500e+02 0.00000e+00
2.39600e+02 0.00000e+00
2.39700e+02 0.00000e+00
2.39800e+02 0.00000e+00
2.39900e+02 0.00000e+00
2.40000e+02 0.00000e+00
2.42000e+02 0.00000e+00
2.44000e+02 0.00000e+00
2.46000e+02 0.00000e+00
2.48000e+02 0.00000e+00
2.50000e+02 0.00000e+00
2.52000e+02 0.00000e+00
2.54000e+02 0.00000e+00
2.56000e+02 0.00000e+00
2.58000e+02 0.00000e+00
2.60000e+02 0.00000e+00
2.62000e+02 0.00000e+00
2.64000e+02 0.00000e+00
2.66000e+02 0.00000e+00
2.68000e+02 0.00000e+00
2.70000e+02 0.00000e+00
2.72000e+02 0.00000e+00
2.74000e+02 0.00000e+00
2.76000e+02 0.00000e+00
2.78000e+02 0.00000e+00
2.80000e+02 0.00000e+00
2.82000e+02 0.00000e+00
2.84000e+02 0.00000e+00
2.86000e+02 0.00000e+00
2.88000e+02 0.00000e+00
2.90000e+02 0.00000e+00
2.92000e+02 0.00000e+00
2.94000e+02 0.00000e+00
2.96000e+02 0.00000e+00
2.98000e+02 0.00000e+00
3.00000e+02 0.00000e+00
3.02000e+02 0.00000e+00
3.04000e+02 0.00000e+00
3.06000e+02 0.00000e+00
3.08000e+02 0.00000e+00
3.10000e+02 0.00000e+00
3.12000e+02 0.00000e+00
3.14000e+02 0.00000e+00
3.16000e+02 0.00000e+00
3.18000e+02 0.00000e+00
3.20000e+02 0.00000e+00
3.22000e+02 0.00000e+00
3.24000e+02 0.00000e+00
3.26000e+02 0.00000e+00
3.28000e+02 0.00000e+00
3.30000e+02 0.00000e+00
3.32000e+02 0.00000e+00
3.34000e+02 0.00000e+00
3.36000e+02 0.00000e+00
3.38000e+02 0.00000e+00
3.40000e+02 0.00000e+00
3.42000e+02 0.00000e+00
3.44000e+02 0.00000e+00
3.46000e+02 0.00000e+00
3.48000e+02 0.00000e+00
3.50000e+02 0.00000e+00
3.52000e+02 0.00000e+00
3.54000e+02 0.00000e+00
3.56000e+02 0.00000e+00
3.58000e+02 0.00000e+00
3.60000e+02 0.00000e+00
3.62000e+02 0.00000e+00
3.64000e+02 0.00000e+00
3.66000e+02 0.00000e+00
3.68000e+02 0.00000e+00
3.70000e+02 0.00000e+00
3.72000e+02 0.00000e+00
3.74000e+02 0.00000e+00
3.76000e+02 0.00000e+00
3.78000e+02 0.00000e+00
3.80000e+02 0.00000e+00
3.82000e+02 0.00000e+00
3.84000e+02 0.00000e+00
3.86000e+02 0.00000e+00
3.88000e+02 0.00000e+00
3.90000e+02 0.00000e+00
3.92000e+02 0.00000e+00
3.94000e+02 0.00000e+00
3.96000e+02 0.00000e+00
3.98000e+02 0.00000e+00
4.00000e+02 0.00000e+00
4.02000e+02 0.00000e+00
4.04000e+02 0.00000e+00
4.06000e+02 0.00000e+00
4.08000e+02 0.00000e+00
4.10000e+02 0.00000e+00
4.12000e+02 0.00000e+00
4.14000e+02 0.00000e+00
4.16000e+02 0.00000e+00
4.18000e+02 0.00000e+00
4.20000e+02 0.00000e+00
4.22000e+02 0.00000e+00
4.24000e+02 0.00000e+00
4.26000e+02 0.00000e+00
4.28000e+02 0.00000e+00
4.30000e+02 0.00000e+00
4.32000e+02 0.00000e+00
4.34000e+02 0.00000e+00
4.36000e+02 0.00000e+00
4.38000e+02 0.00000e+00
4.40000e+02 0.00000e+00
4.42000e+02 0.00000e+00
4.44000e+02 0.00000e+00
4.46000e+02 0.00000e+00
4.48000e+02 0.00000e+00
4.50000e+02 0.00000e+00
4.52000e+02 0.00000e+00
4.54000e+02 0.00000e+00
4.56000e+02 0.00000e+00
4.58000e+02 0.00000e+00
4.60000e+02 0.00000e+00
4.62000e+02 0.00000e+00
4.64000e+02 0.00000e+00
4.66000e+02 0.00000e+00
4.68000e+02 0.00000e+00
4.70000e+02 0.00000e+00
4.72000e+02 0.00000e+00
4.74000e+02 0.00000e+00
4.76000e+02 0.00000e+00
4.78000e+02 0.00000e+00
4.80000e+02 0.00000e+00
4.82000e+02 0.00000e+00
4.84000e+02 0.00000e+00
4.86000e+02 0.00000e+00
4.88000e+02 0.00000e+00
4.90000e+02 0.00000e+00
4.92000e+02 0.00000e+00
4.94000e+02 0.00000e+00
4.96000e+02 0.00000e+00
4.98000e+02 0.00000e+00
5.00000e+02 0.00000e+00
5.02000e+02 0.00000e+00
5.04000e+02 0.00000e+00
5.06000e+02 0.00000e+00
5.08000e+02 0.00000e+00
5.10000e+02 0.00000e+00
5.12000e+02 0.00000e+00
5.14000e+02 0.00000e+00
5.16000e+02 0.00000e+00
5.18000e+02 0.00000e+00
5.20000e+02 0.00000e+00
5.22000e+02 0.00000e+00
5.24000e+02 0.00000e+00
5.26000e+02 0.00000e+00
5.28000e+02 0.00000e+00
5.30000e+02 0.00000e+00
5.32000e+02 0.00000e+00
5.34000e+02 0.00000e+00
5.36000e+02 0.00000e+00
5.38000e+02 0.00000e+00
5.40000e+02 0.00000e+00
5.42000e+02 0.00000e+00
5.44000e+02 0.00000e+00
5.46000e+02 0.00000e+00
5.48000e+02 0.00000e+00
5.50000e+02 0.00000e+00
5.52000e+02 0.00000e+00
5.54000e+02 0.00000e+00
5.56000e+02 0.00000e+00
5.58000e+02 0.00000e+00
5.60000e+02 0.00000e+00
5.62000e+02 0.00000e+00
5.64000e+02 0.00000e+00
5.66000e+02 0.00000e+00
5.68000e+02 0.00000e+00
5.70000e+02 0.00000e+00
5.72000e+02 0.00000e+00
5.74000e+02 0.00000e+00
5.76000e+02 0.00000e+00
5.78000e+02 0.00000e+00
5.80000e+02 0.00000e+00
5.82000e+02 0.00000e+00
5.84000e+02 0.00000e+00
5.86000e+02 0.00000e+00
5.88000e+02 0.00000e+00
5.90000e+02 0.00000e+00
5.92000e+02 0.00000e+00
5.94000e+02 0.00000e+00
5.96000e+02 0.00000e+00
5.98000e+02 0.00000e+00
6.00000e+02 0.00000e+00
6.02000e+02 0.00000e+00
6.04000e+02 0.00000e+00
6.06000e+02 0.00000e+00
6.08000e+02 0.00000e+00
6.10000e+02 0.00000e+00
6.12000e+02 0.00000e+00
6.14000e+02 0.00000e+00
6.16000e+02 0.00000e+00
6.18000e+02 0.00000e+00
6.20000e+02 0.00000e+00
6.22000e+02 0.00000e+00
6.24000e+02 0.00000e+00
6.26000e+02 0.00000e+00
6.28000e+02 0.00000e+00
6.30000e+02 0.00000e+00
6.32000e+02 0.00000e+00
6.34000e+02 0.00000e+00
6.36000e+02 0.00000e+00
6.38000e+02 0.00000e+00
6.40000e+02 0.00000e+00
6.42000e+02 0.00000e+00
6.44000e+02 0.00000e+00
6.46000e+02 0.00000e+00
6.48000e+02 0.00000e+00
6.50000e+02 0.00000e+00
6.52000e+02 0.00000e+00
6.54000e+02 0.00000e+00
6.56000e+02 0.00000e+00
6.58000e+02 0.00000e+00
6.60000e+02 0.00000e+00
6.62000e+02 0.00000e+00
6.64000e+02 0.00000e+00
6.66000e+02 0.00000e+00
6.68000e+02 0.00000e+00
6.70000e+02 0.00000e+00
6.72000e+02 0.00000e+00
6.74000e+02 0.00000e+00
6.76000e+02 0.00000e+00
6.78000e+02 0.00000e+00
6.80000e+02 0.00000e+00
6.82000e+02 0.00000e+00
6.84000e+02 0.00000e+00
6.86000e+02 0.00000e+00
6.88000e+02 0.00000e+00
6.90000e+02 0.00000e+00
6.92000e+02 0.00000e+00
6.94000e+02 0.00000e+00
6.96000e+02 0.00000e+00
6.98000e+02 0.00000e+00
